,unique_values,counts
0,115123902,155
1,138418838,119
2,726443182997835778,104
3,27426996,79
4,2878365568,60
5,773798108,50
6,2258328236,49
7,16984207,48
8,352220090,46
9,2792589217,46
10,201761587,46
11,16182602,37
12,242235183,35
13,23431857,35
14,1148543156700569602,34
15,113744532,33
16,25327727,30
17,391723359,28
18,2545698815,27
19,24045870,27
20,163945249,27
21,360199374,27
22,1292032806068146176,26
23,851474124,25
24,1059555794188939275,25
25,822118904109604866,25
26,20228651,24
27,1034587316,24
28,79737242,23
29,49422027,21
30,290883,21
31,29417177,21
32,301558546,20
33,764947058046492676,20
34,1179125066250014720,20
35,2207093694,20
36,298063367,20
37,56694411,19
38,73672052,19
39,7662612,19
40,20356950,19
41,959316763199418368,19
42,1243884230532366337,18
43,20301082,18
44,20990427,18
45,2265694387,18
46,404715814,18
47,877848065121681409,18
48,409415280,18
49,62338989,17
50,1131227828,17
51,387869763,17
52,20702486,17
53,2785332587,17
54,69524371,17
55,1068818071,17
56,1421393832,17
57,329119055,16
58,1216482482,16
59,38934619,16
60,3131266481,16
61,1046745148703608832,16
62,1424543245,16
63,1191754450303623169,16
64,147734164,16
65,46959037,16
66,17444676,16
67,92804452,15
68,19554076,15
69,142659861,15
70,64086835,15
71,1284895084245286913,15
72,1709322043,15
73,296916169,15
74,1074916754,15
75,1238060391760101376,15
76,18938704,15
77,36960651,15
78,365668788,15
79,1612011,15
80,69921786,15
81,33979523,15
82,74161616,15
83,736785822,14
84,1115518973154668544,14
85,867468375634694144,14
86,72377367,14
87,567184513,14
88,2762324406,14
89,134014564,14
90,49642420,13
91,821285869986443265,13
92,1327263168570253313,13
93,718993,13
94,2389336800,13
95,1365527522,13
96,7310842,13
97,415228549,13
98,42942856,13
99,2261630598,13
100,892508001663430656,13
101,235304684,12
102,415558897,12
103,286096686,12
104,166230862,12
105,1251408183635202048,12
106,36735239,12
107,948802534252204032,12
108,3294298155,12
109,2861376640,12
110,608082148,12
111,593756033,12
112,1337297483681189889,12
113,263160690,12
114,124463742,12
115,514079220,12
116,20641044,12
117,312830331,11
118,3401171967,11
119,59504314,11
120,98170851,11
121,1387510806,11
122,449019615,11
123,634017287,11
124,2345690571,11
125,2234063790,11
126,516013541,11
127,3192197441,11
128,323179081,11
129,568709751,11
130,674433,11
131,726372601,11
132,260947903,11
133,1972519165,11
134,230506675,11
135,22975508,11
136,51282336,11
137,21994018,10
138,1610113303,10
139,20907874,10
140,1134386456955445250,10
141,204287100,10
142,20612334,10
143,2885635959,10
144,71832286,10
145,25663732,10
146,170280254,10
147,887783395635417088,10
148,810261879985762304,10
149,319076296,10
150,19107009,10
151,98360137,10
152,3323641727,10
153,2867624783,10
154,1222832792498769922,10
155,114137209,10
156,3130743677,9
157,746199836953706497,9
158,464649461,9
159,579229967,9
160,1125443593085358082,9
161,826912052,9
162,47082321,9
163,327814903,9
164,739139247047880705,9
165,4043656619,9
166,1230070815800119297,9
167,2717296666,9
168,486896531,9
169,383999819,9
170,770030887194984449,9
171,1288060684199133184,9
172,354556274,9
173,19591948,9
174,115494227,9
175,2473752954,9
176,303880706,9
177,1064712810,9
178,17758382,9
179,700444017864155136,9
180,1436980057,9
181,22703789,9
182,1242922647928950784,9
183,547674180,9
184,2939716115,9
185,2680205410,9
186,817142082666106880,9
187,456273040,9
188,705539492015427584,9
189,23231925,9
190,18839582,9
191,30201760,9
192,2583099904,9
193,46713001,9
194,23691974,9
195,208733448,9
196,21488562,9
197,137493302,9
198,2207006636,9
199,2805043263,8
200,64748249,8
201,219700151,8
202,2493459529,8
203,1193632598750367749,8
204,514828336,8
205,1200118491648540672,8
206,2225258196,8
207,489435576,8
208,1067098202179072002,8
209,311585350,8
210,946536834,8
211,543455114,8
212,2804537249,8
213,19483285,8
214,1541014556,8
215,23294336,8
216,1004500991721594880,8
217,41594419,8
218,47390635,8
219,1256977590566428673,8
220,3023249458,8
221,411482348,8
222,420209671,8
223,20176196,8
224,58806549,8
225,429051707,8
226,20531745,8
227,386475720,8
228,40675025,8
229,23829152,8
230,272834461,8
231,20438624,8
232,432585401,8
233,56407023,8
234,20476313,8
235,123933889,8
236,1102280676,8
237,4611947128,8
238,112251572,8
239,20184619,8
240,62595328,8
241,708813,8
242,998915642609807360,8
243,193459739,7
244,574424391,7
245,68164290,7
246,59226205,7
247,719658584,7
248,16432948,7
249,117085616,7
250,15413101,7
251,20013355,7
252,598315271,7
253,1043461120076533762,7
254,3869591295,7
255,4832827773,7
256,34998532,7
257,389577053,7
258,24963373,7
259,75764435,7
260,864858102973202433,7
261,2189697473,7
262,238609684,7
263,20500261,7
264,917781260176691200,7
265,53855114,7
266,167408054,7
267,398809618,7
268,22374019,7
269,244084093,7
270,178630347,7
271,14662121,7
272,391692889,7
273,22845496,7
274,217872265,7
275,309908788,7
276,882693863747538949,7
277,572628941,7
278,1175054021465391105,7
279,97595006,7
280,2296880117,7
281,246547192,7
282,1193608101871673344,7
283,301024617,7
284,36634949,7
285,1325691512,7
286,333522412,7
287,348523410,7
288,20712281,7
289,722491561452376069,7
290,1226243068027899905,7
291,1127957201920954369,7
292,55631439,7
293,134688294,7
294,55260186,7
295,368885437,7
296,302713731,7
297,16288901,7
298,15340427,7
299,29056724,7
300,150978926,7
301,21191528,7
302,2719883930,7
303,350265894,7
304,94435011,7
305,259382365,7
306,105319446,7
307,56048060,7
308,958798628558077952,7
309,20329600,7
310,41337021,7
311,326171941,7
312,783962860628180992,7
313,2759249945,7
314,319360364,7
315,1095999942,7
316,1172446083697348611,7
317,183334937,7
318,29471238,7
319,33289415,7
320,114032479,6
321,74150100,6
322,234446095,6
323,482272146,6
324,341718564,6
325,3025521939,6
326,622872193,6
327,2234112997,6
328,2237933611,6
329,14508711,6
330,318473552,6
331,20247275,6
332,2611636745,6
333,1239123625904689152,6
334,451749699,6
335,609219220,6
336,965866495,6
337,486469051,6
338,524749622,6
339,860593940768190465,6
340,1046491795654430720,6
341,765200329780654081,6
342,2796071046,6
343,1234537451722547200,6
344,2394932792,6
345,230819862,6
346,824637752574488576,6
347,1023632570997780480,6
348,144105198,6
349,610168949,6
350,2450460074,6
351,1421664565,6
352,1318208169978531845,6
353,175877739,6
354,184890201,6
355,2960249583,6
356,592066202,6
357,582132896,6
358,2212479606,6
359,916274581257834496,6
360,51015827,6
361,304463707,6
362,422072157,6
363,2401258338,6
364,618647631,6
365,165916257,6
366,233180256,6
367,401462663,6
368,70710835,6
369,71296802,6
370,20087804,6
371,19994455,6
372,315722844,6
373,22990570,6
374,352613359,6
375,1190403423407104000,6
376,574633420,6
377,133297270,6
378,1119419749,6
379,144458505,6
380,2728878058,6
381,1400072550,6
382,45107178,6
383,2513023153,6
384,441193606,6
385,1188239588155899911,6
386,264142762,6
387,237895161,6
388,128989290,6
389,19291485,6
390,187333137,6
391,34220004,6
392,1090698467989696513,6
393,568249574,6
394,227347444,6
395,106796756,6
396,773251418,6
397,504584963,6
398,841907289556676612,6
399,19420301,6
400,1260492863147855873,6
401,824279099166380032,6
402,1441268942,6
403,53362802,6
404,68115226,6
405,1711246922,6
406,42701045,6
407,20063138,6
408,1289202854046179330,6
409,177158062,6
410,1043590353436196864,6
411,268144691,6
412,20071950,6
413,1432917499,6
414,17446633,6
415,243680544,6
416,14341032,6
417,540238108,6
418,406516268,6
419,323174005,6
420,16781292,6
421,940842751,6
422,341140317,6
423,20980415,6
424,2991702839,6
425,705994686,6
426,2155212734,6
427,1160590523842871297,6
428,459502755,6
429,1391486294,6
430,20773591,6
431,229102544,6
432,1966665852,6
433,250828129,6
434,17692511,6
435,291912649,6
436,1267521562644754432,6
437,198839504,6
438,28314035,6
439,90648395,6
440,95304424,6
441,799266491711582210,6
442,3046769030,6
443,1300078639183265857,6
444,787760726,6
445,143942928,6
446,15611269,6
447,303639784,6
448,1893911726,6
449,351795482,6
450,57616186,6
451,3576334397,6
452,877779342717276161,6
453,570641818,6
454,36438243,6
455,273632800,6
456,2814357766,6
457,1142497735301566464,5
458,1533459110,5
459,70248716,5
460,925437384,5
461,1283325449217679361,5
462,2209889287,5
463,1172411493842706432,5
464,157665977,5
465,176590041,5
466,781888165,5
467,1920978162,5
468,369706541,5
469,273328270,5
470,571258713,5
471,2615317490,5
472,916557909152206848,5
473,141505767,5
474,2755008911,5
475,18415236,5
476,199742999,5
477,20363574,5
478,158379459,5
479,889613141277122562,5
480,107263321,5
481,222774907,5
482,298686584,5
483,3435328751,5
484,72073123,5
485,313983284,5
486,1301593506973126656,5
487,548540091,5
488,156719664,5
489,308989805,5
490,25036511,5
491,7786722,5
492,90631758,5
493,58157336,5
494,308014653,5
495,2830120060,5
496,313421430,5
497,3242111182,5
498,1582595035,5
499,53646835,5
500,53741094,5
501,143852459,5
502,407118185,5
503,1262448657879764993,5
504,1079497494088822784,5
505,26731926,5
506,137333593,5
507,46714589,5
508,220439934,5
509,207642447,5
510,616002352,5
511,716411462,5
512,1510253143,5
513,173172163,5
514,586556205,5
515,32932476,5
516,1433444286,5
517,25058158,5
518,892372106792640512,5
519,19588903,5
520,18454837,5
521,43317553,5
522,1160631326,5
523,248595884,5
524,619380538,5
525,114471835,5
526,53358128,5
527,263579475,5
528,197948459,5
529,3154993948,5
530,16376742,5
531,320131750,5
532,1111004962165792769,5
533,416808219,5
534,130811704,5
535,402007161,5
536,3298308689,5
537,451676168,5
538,1145768731915771905,5
539,33288734,5
540,1093983550288916480,5
541,972876836,5
542,22901142,5
543,308970792,5
544,21198925,5
545,611775698,5
546,93731919,5
547,509409166,5
548,332367676,5
549,840991646489673729,5
550,1068262390926594048,5
551,703446271667871744,5
552,231763336,5
553,356314968,5
554,187906409,5
555,26734960,5
556,1725360170,5
557,812327073553465344,5
558,1320871614347677696,5
559,303390973,5
560,1048486556820885504,5
561,1296463847549698048,5
562,30956544,5
563,344264745,5
564,750173082,5
565,301105121,5
566,611577887,5
567,18882803,5
568,1093177777438756865,5
569,1084025130,5
570,2731322915,5
571,363832811,5
572,982279957924728834,5
573,207622369,5
574,116822808,5
575,62046136,5
576,50637798,5
577,206632563,5
578,731160042934808576,5
579,65923415,5
580,921818491,5
581,1068232858857279489,5
582,104464603,5
583,489371892,5
584,2169306696,5
585,231020518,5
586,398648809,5
587,998673311218454528,5
588,2762074141,5
589,213040093,5
590,20948754,5
591,155631535,5
592,85139253,5
593,1082682049402687489,5
594,2300588005,5
595,1174838954862006272,5
596,2964587799,5
597,2250679261,5
598,723514907736563713,5
599,14970812,5
600,373998942,5
601,18679355,5
602,267715003,5
603,1261834494,5
604,48254583,5
605,1124268871005954048,5
606,948591422,5
607,257118643,5
608,2779264342,5
609,785511273983307776,5
610,22936121,5
611,2523085886,5
612,10955042,5
613,69825236,5
614,21432774,5
615,2774426441,5
616,51680239,5
617,136038836,5
618,22798003,5
619,855795587828125696,5
620,763122034415140864,5
621,210247333,5
622,1329602449,5
623,2951423075,5
624,36063034,4
625,1301994530602975232,4
626,179864351,4
627,443235396,4
628,20375262,4
629,331566624,4
630,1004356087905218560,4
631,335424229,4
632,155704077,4
633,973650156800348160,4
634,916662416,4
635,26283813,4
636,2813612858,4
637,42150876,4
638,301660344,4
639,1103890488,4
640,465347207,4
641,437644709,4
642,42935760,4
643,252307844,4
644,2725531768,4
645,322171010,4
646,786491,4
647,3023283867,4
648,424590567,4
649,390608536,4
650,2344001338,4
651,883024734,4
652,567398972,4
653,258435606,4
654,69565687,4
655,2768969445,4
656,1143139626,4
657,3472899689,4
658,311621168,4
659,789435834,4
660,972440117053882368,4
661,1289479404805128192,4
662,60857214,4
663,59719665,4
664,1223900260466073601,4
665,974636407275782144,4
666,26246157,4
667,267733040,4
668,49029158,4
669,106598691,4
670,83889685,4
671,29999737,4
672,65143275,4
673,20991078,4
674,1282364292050845696,4
675,1110921292222554112,4
676,768334902,4
677,3350082399,4
678,20197624,4
679,370144551,4
680,110611229,4
681,591164792,4
682,3337483229,4
683,269966086,4
684,2656990115,4
685,20769278,4
686,377309422,4
687,941015447775916032,4
688,313917656,4
689,568980171,4
690,1048933261,4
691,1132344026865250306,4
692,986957400811950080,4
693,1241447911,4
694,2998119137,4
695,4503621269,4
696,2990648224,4
697,607215766,4
698,1442310110,4
699,185357367,4
700,313263903,4
701,180130660,4
702,14497081,4
703,38399825,4
704,106042659,4
705,1245722839090704386,4
706,18835185,4
707,1261718603398877185,4
708,999744971954688000,4
709,460178045,4
710,293175196,4
711,51397083,4
712,1207715673390096384,4
713,922498823917920256,4
714,1355070260,4
715,1022111754,4
716,365991704,4
717,21201911,4
718,479413904,4
719,188283879,4
720,563096010,4
721,333063343,4
722,257652501,4
723,120393995,4
724,19002309,4
725,175732519,4
726,61765642,4
727,451437485,4
728,133861176,4
729,767488482398892033,4
730,114143304,4
731,1217894534996267008,4
732,50117879,4
733,1335224269,4
734,17650424,4
735,908467842,4
736,594065588,4
737,2947070279,4
738,1197276005842477063,4
739,796419317088796672,4
740,4698856784,4
741,1156893551495716864,4
742,282619048,4
743,22360779,4
744,2166647219,4
745,628730895,4
746,17967441,4
747,567153478,4
748,422590278,4
749,356714803,4
750,1001606945340575744,4
751,104848816,4
752,2584699677,4
753,141148610,4
754,866297592,4
755,1186325279402352641,4
756,21136191,4
757,1282241226780139520,4
758,15672615,4
759,149993761,4
760,875741892,4
761,1219641978721312779,4
762,35378960,4
763,1641159974,4
764,27107590,4
765,2980965428,4
766,54351001,4
767,926401202719543309,4
768,701890945625759745,4
769,2420943918,4
770,636971529,4
771,2375100251,4
772,1222205423102648320,4
773,619136804,4
774,3052301283,4
775,3324356889,4
776,2321727995,4
777,1492375412,4
778,717372823505907712,4
779,287383101,4
780,77726880,4
781,336499331,4
782,1452689222,4
783,3246753731,4
784,151431593,4
785,1586664696,4
786,740105760894554112,4
787,404394671,4
788,298061445,4
789,714755574,4
790,555169230,4
791,33301467,4
792,3251172767,4
793,1588424996,4
794,47280529,4
795,65519859,4
796,190951729,4
797,2826447493,4
798,84332806,4
799,45645164,4
800,23427514,4
801,931571402,4
802,229641910,4
803,269056773,4
804,1687131019,4
805,523554201,4
806,15223684,4
807,1339864552834539522,4
808,918060816309669888,4
809,612976137,4
810,829733430166450179,4
811,121178304,4
812,768938760,4
813,40003449,4
814,160629876,4
815,42380293,4
816,827245030314217472,4
817,523173592,4
818,1223004475142606848,4
819,188522584,4
820,2648634791,4
821,4288082795,4
822,1281042793,4
823,458943969,4
824,183659285,4
825,152414500,4
826,1124000606920769536,4
827,2537823073,4
828,3402654346,4
829,21353094,4
830,30379063,4
831,14243119,4
832,956509345,4
833,150826446,4
834,2680368365,4
835,27019443,4
836,18954073,4
837,274480666,4
838,486541933,4
839,23214360,4
840,270008646,4
841,40703240,4
842,1238569806078586880,4
843,118989721,4
844,88679342,4
845,149894972,4
846,21188744,4
847,61750202,4
848,2764578189,4
849,366811939,4
850,353442866,4
851,824157595527249922,4
852,20361019,4
853,344532773,4
854,2215622636,4
855,80394794,4
856,570894777,4
857,49092120,4
858,18697426,4
859,3665751795,4
860,1472245716,4
861,458926800,4
862,2772074681,4
863,433351518,4
864,63073905,4
865,294833148,4
866,69602670,4
867,2446361078,4
868,20151574,4
869,49424286,4
870,316385442,4
871,432268397,4
872,236155643,4
873,398763409,4
874,1066487485327466497,4
875,36480903,4
876,750071350493085697,4
877,307238442,4
878,374111175,4
879,3009998902,4
880,276299467,4
881,229597959,4
882,80558742,4
883,1205555654187986944,4
884,1073266071744978945,4
885,3377593199,4
886,1278656638010998785,4
887,705316146669555712,4
888,20223841,4
889,245827798,4
890,2288815953,4
891,874775448240128001,4
892,875612784863531008,4
893,3052920761,4
894,26884728,4
895,18950420,4
896,264838371,4
897,1487224332,4
898,2586174174,4
899,91235471,4
900,130914341,4
901,124573694,4
902,409579332,4
903,21490486,4
904,179042684,4
905,21568359,4
906,62542456,4
907,300162221,4
908,771544352,4
909,146739741,4
910,1260277762729877504,4
911,477598352,4
912,134607885,4
913,794543117290573824,4
914,20721015,4
915,32502203,4
916,2225289911,4
917,1129023781,4
918,1517735292,4
919,3385749609,4
920,533103041,4
921,310952897,4
922,30201378,4
923,269928259,4
924,1333063839605207046,4
925,1269539643889983489,4
926,43126175,4
927,208693920,4
928,1322672382813884422,4
929,30436068,4
930,283080247,4
931,456826445,4
932,24357959,4
933,23073725,4
934,623605421,4
935,15643796,4
936,193413930,4
937,211842076,4
938,1096335506395357184,4
939,2586460748,4
940,1043542597510287361,4
941,22082083,4
942,3208913297,4
943,212228228,4
944,3202256944,4
945,1937947052,4
946,1083412079506272256,4
947,390735824,4
948,19355150,4
949,3317891140,4
950,220017202,4
951,2876330338,4
952,1330556559689199619,4
953,1006338027076161537,4
954,23125123,4
955,1141338487934869504,4
956,1276149163588292609,4
957,983371735,4
958,317157535,4
959,175195551,4
960,95239713,4
961,230714973,4
962,1216916854360412160,4
963,51028164,4
964,923986451347460096,4
965,434397838,4
966,1292199480,4
967,2844925388,4
968,958302091553931264,4
969,54517613,4
970,61512515,4
971,315420437,4
972,416336662,4
973,242005221,4
974,155253928,4
975,96015079,4
976,22136794,4
977,50800746,4
978,1154009080475869184,4
979,934005480699121664,4
980,1167753234670391297,4
981,15814937,4
982,407177200,3
983,21317254,3
984,91820486,3
985,2348643475,3
986,1349298922250973185,3
987,19951301,3
988,270418185,3
989,88746027,3
990,197021766,3
991,713092364,3
992,139684394,3
993,50805915,3
994,2428960117,3
995,390692463,3
996,105303415,3
997,847254492,3
998,3768273675,3
999,87982181,3
1000,34582964,3
1001,334226538,3
1002,2209148050,3
1003,20334058,3
1004,269482043,3
1005,19437568,3
1006,1062729066929897472,3
1007,777918324,3
1008,29527576,3
1009,16550152,3
1010,297421625,3
1011,40242343,3
1012,296499459,3
1013,431652220,3
1014,711927183107891200,3
1015,968508301,3
1016,390380443,3
1017,326923924,3
1018,961717068025552896,3
1019,1272527822481952769,3
1020,364861176,3
1021,1308689258,3
1022,4001305157,3
1023,971315817358020608,3
1024,365447817,3
1025,1314516297221394432,3
1026,1159507175489843201,3
1027,405631284,3
1028,69023532,3
1029,1174716294551261188,3
1030,191001129,3
1031,18021601,3
1032,479014069,3
1033,26751047,3
1034,15072423,3
1035,135379966,3
1036,25709138,3
1037,20255906,3
1038,369679419,3
1039,353773309,3
1040,1464672954,3
1041,89721567,3
1042,141008992,3
1043,118216673,3
1044,3244633509,3
1045,955715357226033152,3
1046,19769727,3
1047,967606106,3
1048,31692646,3
1049,166639830,3
1050,4077963063,3
1051,709323049284345856,3
1052,1126103911,3
1053,54727297,3
1054,189049083,3
1055,119971189,3
1056,1002568933617164289,3
1057,1017856369091862528,3
1058,43865757,3
1059,753582391218888704,3
1060,20584053,3
1061,394301410,3
1062,70484067,3
1063,600117465,3
1064,1849566240,3
1065,2826130527,3
1066,23515364,3
1067,2252205502,3
1068,41178452,3
1069,211279602,3
1070,37627339,3
1071,3189542629,3
1072,240315336,3
1073,96332413,3
1074,35075578,3
1075,3973525815,3
1076,18619745,3
1077,29729764,3
1078,2490813418,3
1079,939261604843130880,3
1080,78283330,3
1081,748135467812519936,3
1082,2357742690,3
1083,94597606,3
1084,20770570,3
1085,296160225,3
1086,923496565049909248,3
1087,53784396,3
1088,816647744127377408,3
1089,2752502249,3
1090,1176476340482138114,3
1091,20719650,3
1092,3003212332,3
1093,1340462521,3
1094,1306586642233188357,3
1095,1032977419,3
1096,197044738,3
1097,223631801,3
1098,452433484,3
1099,2509272898,3
1100,1132350448906719233,3
1101,606669336,3
1102,185902379,3
1103,85855318,3
1104,1390578074,3
1105,2252630015,3
1106,149900432,3
1107,1058491983755386880,3
1108,268186992,3
1109,787071137159208961,3
1110,47928526,3
1111,720858746,3
1112,37758602,3
1113,27900953,3
1114,418529591,3
1115,58052051,3
1116,2983911304,3
1117,327859298,3
1118,3750554236,3
1119,211315410,3
1120,2397973519,3
1121,2431325955,3
1122,1676652944,3
1123,15125243,3
1124,178659267,3
1125,482388453,3
1126,535817579,3
1127,380822737,3
1128,474082717,3
1129,29020734,3
1130,3156495974,3
1131,106870098,3
1132,2541914089,3
1133,20365948,3
1134,928565995194732550,3
1135,874167161807417344,3
1136,3437855662,3
1137,830500405,3
1138,3147328976,3
1139,3964671268,3
1140,407353264,3
1141,42867929,3
1142,2435693272,3
1143,2646438815,3
1144,1613521651,3
1145,483970735,3
1146,467321256,3
1147,87314147,3
1148,861305527351037953,3
1149,731910453396393985,3
1150,141372721,3
1151,265347340,3
1152,1670224676,3
1153,302069116,3
1154,241100902,3
1155,248279464,3
1156,443169838,3
1157,959464655851806722,3
1158,1245621764429774850,3
1159,5718372,3
1160,2349117701,3
1161,19255799,3
1162,874288627437756418,3
1163,1215628194,3
1164,389378608,3
1165,129265674,3
1166,19387555,3
1167,120398646,3
1168,284252798,3
1169,351524345,3
1170,1268198006605709317,3
1171,375104521,3
1172,30633200,3
1173,452626071,3
1174,171562675,3
1175,274608707,3
1176,244609510,3
1177,2901389398,3
1178,972496397491634176,3
1179,2873822342,3
1180,993257262,3
1181,1174789049653112832,3
1182,303431834,3
1183,1020859292,3
1184,134910622,3
1185,969118788292661248,3
1186,825027810,3
1187,825490743166898176,3
1188,123782063,3
1189,1000872422818615297,3
1190,20197177,3
1191,1361990864,3
1192,1589517072,3
1193,24975308,3
1194,19939799,3
1195,304499632,3
1196,525798249,3
1197,56182209,3
1198,745920230,3
1199,96250243,3
1200,811313312491327488,3
1201,2870567642,3
1202,2294029809,3
1203,3004219894,3
1204,1334037974,3
1205,1267408340633767941,3
1206,33547199,3
1207,76070041,3
1208,984007655617388546,3
1209,35859054,3
1210,516933159,3
1211,3533662035,3
1212,927814969772650496,3
1213,23831891,3
1214,905595576,3
1215,369453121,3
1216,782092762682392576,3
1217,111029644,3
1218,369584649,3
1219,219985113,3
1220,592254031,3
1221,210423769,3
1222,3881064934,3
1223,984430852363948034,3
1224,18903186,3
1225,710036144092803072,3
1226,174310460,3
1227,270959361,3
1228,1407121992,3
1229,20687183,3
1230,157713430,3
1231,45177781,3
1232,35789857,3
1233,304334853,3
1234,36644125,3
1235,794582844383395840,3
1236,1174302144528297985,3
1237,178864390,3
1238,20310335,3
1239,772029843252871169,3
1240,1454705706,3
1241,1301894532498325504,3
1242,53121649,3
1243,349692612,3
1244,1212354967123578880,3
1245,550390041,3
1246,79830622,3
1247,97173397,3
1248,1198539756,3
1249,24753225,3
1250,1319735337145585664,3
1251,413198361,3
1252,2382523838,3
1253,128679707,3
1254,245805757,3
1255,223485261,3
1256,332950230,3
1257,22042150,3
1258,146800044,3
1259,20080350,3
1260,58262646,3
1261,56119312,3
1262,174963167,3
1263,19703151,3
1264,956083278,3
1265,25273713,3
1266,21207010,3
1267,35795420,3
1268,162014117,3
1269,365904677,3
1270,1062643610,3
1271,929124603808681984,3
1272,14743962,3
1273,112654919,3
1274,26249017,3
1275,110533129,3
1276,789432436375642113,3
1277,105796313,3
1278,610841580,3
1279,1015254759455051777,3
1280,383719410,3
1281,316356432,3
1282,24404037,3
1283,183937041,3
1284,338449402,3
1285,106334046,3
1286,19656380,3
1287,30069176,3
1288,179955455,3
1289,4829243217,3
1290,46614525,3
1291,250561133,3
1292,622633798,3
1293,253166786,3
1294,748293665571864576,3
1295,18970827,3
1296,9748572,3
1297,17836523,3
1298,24568370,3
1299,1035961714280411136,3
1300,25489184,3
1301,19779602,3
1302,465813900,3
1303,3028773501,3
1304,266140814,3
1305,404979223,3
1306,25741984,3
1307,141952999,3
1308,84405362,3
1309,37752766,3
1310,1116050844439523329,3
1311,3012487660,3
1312,20628305,3
1313,50094537,3
1314,24539256,3
1315,14921716,3
1316,810072889131143172,3
1317,857689537434333184,3
1318,91772477,3
1319,38539164,3
1320,2591204906,3
1321,242058533,3
1322,2519665894,3
1323,393880111,3
1324,235241318,3
1325,341375512,3
1326,67956903,3
1327,96471825,3
1328,1122498158548979712,3
1329,625529449,3
1330,387244128,3
1331,1166727450254073856,3
1332,1468245044,3
1333,1009074038742937600,3
1334,353285355,3
1335,1058043368809357314,3
1336,20793744,3
1337,19723206,3
1338,261122426,3
1339,91386387,3
1340,549366335,3
1341,361850347,3
1342,1195793470201434113,3
1343,254143342,3
1344,42736938,3
1345,3246493588,3
1346,2259377648,3
1347,2209401973,3
1348,17945777,3
1349,307012416,3
1350,303083648,3
1351,3417461008,3
1352,823812344392384512,3
1353,1525959211,3
1354,588529489,3
1355,1039878498356264960,3
1356,81170058,3
1357,350132994,3
1358,1162473354928017413,3
1359,11888192,3
1360,39012903,3
1361,2263964310,3
1362,20932741,3
1363,4655813181,3
1364,3099645435,3
1365,62269883,3
1366,1200801590971633667,3
1367,3433207954,3
1368,1101132392,3
1369,129743715,3
1370,1035994969,3
1371,3218652293,3
1372,68714947,3
1373,1020211926423539712,3
1374,22133163,3
1375,336985254,3
1376,706184873577472005,3
1377,46194946,3
1378,1200060765203509251,3
1379,1861830636,3
1380,1533899984,3
1381,977156349187502080,3
1382,54247046,3
1383,618225948,3
1384,895964912,3
1385,407006388,3
1386,1371928362,3
1387,2983263009,3
1388,734493079336550400,3
1389,292400876,3
1390,282553785,3
1391,2173878603,3
1392,286081391,3
1393,4141526998,3
1394,2732646736,3
1395,20322743,3
1396,443748605,3
1397,2992524791,3
1398,23133872,3
1399,1273502314817609729,3
1400,135610033,3
1401,62740241,3
1402,637204629,3
1403,735138265,3
1404,66659146,3
1405,351665689,3
1406,339898798,3
1407,104622642,3
1408,785552460895092741,3
1409,20312065,3
1410,481094718,3
1411,992140227677511682,3
1412,163459281,3
1413,267389008,3
1414,964210088725680129,3
1415,1146058504899162113,3
1416,283930128,3
1417,811290516,3
1418,21194118,3
1419,449642840,3
1420,1341534983832432648,3
1421,14087483,3
1422,15229872,3
1423,2591058223,3
1424,430960239,3
1425,18939006,3
1426,130622789,3
1427,150680056,3
1428,444519956,3
1429,232919010,3
1430,2185077259,3
1431,802682040,3
1432,441688826,3
1433,336643982,3
1434,158063309,3
1435,612473763,3
1436,172883320,3
1437,399666124,3
1438,1708466250,3
1439,944218548867620865,3
1440,2764724495,3
1441,594418247,3
1442,43977531,3
1443,85905642,3
1444,135444317,3
1445,918629303969091584,3
1446,21509512,3
1447,1084923198196592640,3
1448,145958907,3
1449,20689317,3
1450,155954125,3
1451,1157957276541620225,3
1452,794535182,3
1453,2381737066,3
1454,2205192460,3
1455,228008865,3
1456,78664769,3
1457,201779394,3
1458,904861723,3
1459,3291102293,3
1460,20509253,3
1461,222081806,3
1462,1733230477,3
1463,20923482,3
1464,407837088,3
1465,20511666,3
1466,1138069825622827008,3
1467,133440374,3
1468,2880827789,3
1469,777907920,3
1470,397566701,3
1471,17391072,3
1472,27718763,3
1473,1648423765,3
1474,269924174,3
1475,448315572,3
1476,4645520781,3
1477,949605405142941696,3
1478,536270568,3
1479,233705918,3
1480,572760485,3
1481,20267173,3
1482,2444290167,3
1483,1224428417497681927,3
1484,505707942,3
1485,22682837,3
1486,77695722,3
1487,739205313937715200,3
1488,40925412,3
1489,27238225,3
1490,178662091,3
1491,2190520581,3
1492,2531353707,3
1493,478077663,3
1494,102722892,3
1495,17164604,3
1496,311042394,3
1497,214259693,3
1498,244244854,3
1499,1423137661,3
1500,28381692,3
1501,187864237,3
1502,259207823,3
1503,1077583740,3
1504,17943977,3
1505,445788854,3
1506,1041794239972220929,3
1507,169799239,3
1508,1205868217,3
1509,528828893,3
1510,3064898081,3
1511,20712749,3
1512,1260132827770892289,3
1513,42986241,3
1514,1525521108,3
1515,1120361744,3
1516,113750090,3
1517,864477248,3
1518,2679391633,3
1519,1511863236,3
1520,20127984,3
1521,37734208,3
1522,20034269,3
1523,123178515,3
1524,945220645889216512,3
1525,308159386,3
1526,20816246,3
1527,3041471337,3
1528,3319168845,3
1529,28084505,3
1530,375248639,3
1531,337163696,3
1532,226014323,3
1533,20433313,3
1534,158161984,3
1535,36200895,3
1536,1320298823584014336,3
1537,996874375583412224,3
1538,605761943,3
1539,14460320,3
1540,1234133450384461824,3
1541,1424225563,3
1542,578120886,3
1543,1227871297180512256,3
1544,717334962,3
1545,210970269,3
1546,14663645,3
1547,1289298175,3
1548,154141606,3
1549,352545437,3
1550,555351237,3
1551,3408738149,3
1552,991097557,3
1553,486933317,3
1554,238967031,3
1555,1147908083416539136,3
1556,3072150921,3
1557,92614626,3
1558,29759141,3
1559,19795060,3
1560,348511885,3
1561,84073011,3
1562,1064540038405472256,3
1563,28393573,3
1564,2778616972,3
1565,2270853262,3
1566,19527625,3
1567,19815513,3
1568,132546297,3
1569,290179077,3
1570,169845810,3
1571,1200815854532857856,3
1572,3007352614,3
1573,595530958,3
1574,53070435,3
1575,2729761601,3
1576,218083847,3
1577,1038776948149739520,3
1578,2772075725,3
1579,854410040,3
1580,475124556,3
1581,246309522,3
1582,3297723359,3
1583,1170801723419631618,3
1584,2386801666,3
1585,393419104,3
1586,395214553,3
1587,281557876,3
1588,287826675,3
1589,28797427,3
1590,1625604056,3
1591,2330559411,3
1592,1119187769451008001,3
1593,307929849,3
1594,53645954,3
1595,1462027946,3
1596,235608812,3
1597,3136335558,3
1598,1588092858,3
1599,45554011,3
1600,2712402216,3
1601,134529706,3
1602,1655499145,3
1603,62040091,3
1604,3024085907,3
1605,39836259,3
1606,808433856,3
1607,448221734,3
1608,1139922524920254465,3
1609,346781786,3
1610,772819444099940352,3
1611,1175186208605048832,3
1612,163017502,3
1613,3491899822,3
1614,889044148313042944,3
1615,234957758,3
1616,1323029203,3
1617,1147599435830104064,3
1618,1264530540549615617,3
1619,173168162,3
1620,21597515,3
1621,967497385021726720,3
1622,17876828,3
1623,20801805,3
1624,19350383,3
1625,98648004,3
1626,166126938,3
1627,243624882,3
1628,25890164,3
1629,374193835,3
1630,77469500,3
1631,16402590,3
1632,130147177,3
1633,865439575224729600,3
1634,295119412,3
1635,2962309421,3
1636,2440222366,3
1637,488910849,3
1638,314505241,3
1639,19563859,3
1640,80913814,3
1641,740868913756573698,3
1642,142975062,3
1643,635006382,3
1644,1092878381937504261,3
1645,3130151062,3
1646,24925097,3
1647,2431238727,3
1648,211106542,3
1649,588233657,3
1650,413272978,3
1651,101001010,3
1652,24703791,3
1653,1283361656379236353,3
1654,228742086,3
1655,42987913,3
1656,1250870988222365705,3
1657,2912847930,3
1658,322790500,3
1659,85373510,3
1660,1187467206877048835,3
1661,224295169,3
1662,1185630167768666113,3
1663,559372637,3
1664,91379895,3
1665,431822391,3
1666,147172037,3
1667,22480833,3
1668,303897717,3
1669,4577235855,3
1670,815509881205747712,3
1671,31668834,2
1672,42652195,2
1673,1887762985,2
1674,227688555,2
1675,885604664,2
1676,2715096047,2
1677,51547119,2
1678,18227785,2
1679,988889469339217921,2
1680,15702390,2
1681,997135892014927872,2
1682,302547719,2
1683,3031502830,2
1684,303228643,2
1685,1410762230,2
1686,367101943,2
1687,197391934,2
1688,42855210,2
1689,1632568819,2
1690,1103415356050288640,2
1691,1231989753966403586,2
1692,295842259,2
1693,786835142,2
1694,1275486324636729344,2
1695,52765220,2
1696,394664654,2
1697,702864704574775297,2
1698,3221388118,2
1699,109213564,2
1700,1514071010,2
1701,1315914749796929543,2
1702,529646666,2
1703,30209962,2
1704,1131859577799172096,2
1705,390914155,2
1706,1110229286,2
1707,136774924,2
1708,50272163,2
1709,734699155919147008,2
1710,3313105635,2
1711,1066241442,2
1712,381197931,2
1713,19350173,2
1714,2219391876,2
1715,452623860,2
1716,181654669,2
1717,207246340,2
1718,28115982,2
1719,21723,2
1720,57600523,2
1721,68669771,2
1722,168580541,2
1723,27441274,2
1724,306934658,2
1725,409226527,2
1726,1894855638,2
1727,277044368,2
1728,190321399,2
1729,19354218,2
1730,3720045197,2
1731,1299732479469903872,2
1732,147532345,2
1733,172501736,2
1734,107975788,2
1735,158812273,2
1736,915537378,2
1737,1518760759,2
1738,21558978,2
1739,3817818435,2
1740,89282069,2
1741,17335014,2
1742,314132055,2
1743,590951273,2
1744,715805921767727104,2
1745,59258171,2
1746,1563297546,2
1747,17163686,2
1748,76027029,2
1749,1275849380306747396,2
1750,2370167325,2
1751,323225551,2
1752,187460572,2
1753,414322714,2
1754,3123152568,2
1755,102998053,2
1756,1530767479,2
1757,775646059,2
1758,3423648778,2
1759,319291303,2
1760,771271245862174720,2
1761,205642490,2
1762,84424456,2
1763,322711543,2
1764,238202709,2
1765,2369061948,2
1766,331622540,2
1767,185642143,2
1768,1227235537930670080,2
1769,411385283,2
1770,720745873,2
1771,768021648360472581,2
1772,20498598,2
1773,276438742,2
1774,795704599273476096,2
1775,1163802018441572352,2
1776,3723440416,2
1777,82056281,2
1778,20532337,2
1779,3067626929,2
1780,729462750,2
1781,826835286,2
1782,1513981411,2
1783,20233316,2
1784,95502649,2
1785,3313910698,2
1786,390146474,2
1787,22745921,2
1788,1062769233724170240,2
1789,219242625,2
1790,1244894362988929024,2
1791,301680977,2
1792,78505674,2
1793,571200063,2
1794,21440027,2
1795,1083379637579890688,2
1796,514629611,2
1797,220751064,2
1798,938884301185220608,2
1799,818423190754095104,2
1800,15734378,2
1801,436632450,2
1802,1260444769,2
1803,809189857532772358,2
1804,2818743011,2
1805,4558227315,2
1806,322762849,2
1807,360637670,2
1808,3401638835,2
1809,422794923,2
1810,49256882,2
1811,123516348,2
1812,345238750,2
1813,88515691,2
1814,279666332,2
1815,2714321899,2
1816,25688143,2
1817,2644306341,2
1818,413646006,2
1819,206116791,2
1820,1227468252,2
1821,1498265766,2
1822,1614870270,2
1823,126371748,2
1824,1342512234,2
1825,428129925,2
1826,2190962935,2
1827,23349062,2
1828,354285863,2
1829,1660913832,2
1830,381026965,2
1831,24761783,2
1832,112246114,2
1833,4702051,2
1834,102079046,2
1835,133037332,2
1836,1568943824,2
1837,40270602,2
1838,39477893,2
1839,2974518208,2
1840,390321229,2
1841,861764263,2
1842,1095641591551877121,2
1843,95688833,2
1844,2162573085,2
1845,45090252,2
1846,30707550,2
1847,707969554,2
1848,780672432902250496,2
1849,20299254,2
1850,226273262,2
1851,492613135,2
1852,326902429,2
1853,2498029351,2
1854,1139817049,2
1855,1252884361969463296,2
1856,112236715,2
1857,576701388,2
1858,1183638968677621762,2
1859,1721593657,2
1860,224815800,2
1861,21499904,2
1862,282549914,2
1863,127301944,2
1864,3356432643,2
1865,245498620,2
1866,18721289,2
1867,1594335068,2
1868,391586087,2
1869,258058020,2
1870,1196726567461937152,2
1871,71623590,2
1872,45019369,2
1873,1286328446411509761,2
1874,19498559,2
1875,245528767,2
1876,51037048,2
1877,278169175,2
1878,357565899,2
1879,1520160386,2
1880,35524548,2
1881,2573022631,2
1882,1310119159,2
1883,885256445809348612,2
1884,961998363100053504,2
1885,898081300690685952,2
1886,711286666326048768,2
1887,64699825,2
1888,873165263625236481,2
1889,25709850,2
1890,125624761,2
1891,140600225,2
1892,482089762,2
1893,1093527070351728640,2
1894,3180996724,2
1895,499230426,2
1896,1325019637,2
1897,1069226108,2
1898,20933245,2
1899,1257611241213825024,2
1900,208219884,2
1901,17622279,2
1902,246489988,2
1903,27222673,2
1904,179343385,2
1905,15862286,2
1906,1433701447,2
1907,95713987,2
1908,46686253,2
1909,125658292,2
1910,44348437,2
1911,1085564978545995781,2
1912,334784198,2
1913,1412777569,2
1914,181521084,2
1915,1086358794,2
1916,9192272,2
1917,1914799892,2
1918,368318483,2
1919,20244935,2
1920,1232998977278300161,2
1921,292346731,2
1922,2933805303,2
1923,14028152,2
1924,1449732492,2
1925,2187128281,2
1926,211995190,2
1927,301334284,2
1928,97487855,2
1929,449210721,2
1930,470036016,2
1931,3001200865,2
1932,288848834,2
1933,194299351,2
1934,41391231,2
1935,142745241,2
1936,141144412,2
1937,1196338893018275840,2
1938,2198307405,2
1939,4235331744,2
1940,1069263824,2
1941,1126856689020559360,2
1942,185632526,2
1943,2885127908,2
1944,109371849,2
1945,266208656,2
1946,330243727,2
1947,59457596,2
1948,2796086295,2
1949,20384173,2
1950,949319047719550977,2
1951,562878340,2
1952,147579685,2
1953,3136220918,2
1954,246375355,2
1955,542165361,2
1956,214034909,2
1957,303346479,2
1958,53874435,2
1959,136746168,2
1960,861290144267153408,2
1961,22251390,2
1962,610644739,2
1963,1082329350052171776,2
1964,872930500045832192,2
1965,868454154733309952,2
1966,40903810,2
1967,1209490889363644416,2
1968,22815350,2
1969,20902650,2
1970,249822693,2
1971,1134183833685958656,2
1972,3208874339,2
1973,33593024,2
1974,2990343623,2
1975,369759734,2
1976,1081720000115892225,2
1977,39704969,2
1978,555586953,2
1979,2896305388,2
1980,1861307425,2
1981,355094680,2
1982,4798767797,2
1983,2737352811,2
1984,355440285,2
1985,823967304455245825,2
1986,35501276,2
1987,793385749324398592,2
1988,725383068190691331,2
1989,299663310,2
1990,342187925,2
1991,187509854,2
1992,51016965,2
1993,32340961,2
1994,1058681694927110144,2
1995,3381683158,2
1996,1094910332051644417,2
1997,1938302929,2
1998,400943945,2
1999,1111757166,2
2000,45153920,2
2001,609548514,2
2002,115675327,2
2003,780745931306119168,2
2004,850284868911194112,2
2005,818721227388882944,2
2006,1147856762,2
2007,1122299284983099393,2
2008,346164428,2
2009,53998637,2
2010,229610583,2
2011,1109381828,2
2012,803552653066256384,2
2013,77774244,2
2014,1140095952897925121,2
2015,2992415223,2
2016,400181137,2
2017,251774749,2
2018,380246638,2
2019,19794500,2
2020,20881118,2
2021,248197488,2
2022,1191091009,2
2023,20695887,2
2024,1108686983541460994,2
2025,2866040587,2
2026,375773220,2
2027,309048843,2
2028,291851561,2
2029,51127294,2
2030,1064841776547225605,2
2031,943173074,2
2032,2895738123,2
2033,299049925,2
2034,303251876,2
2035,1016780645002108928,2
2036,29159405,2
2037,39845069,2
2038,81124905,2
2039,19456831,2
2040,306250506,2
2041,21339414,2
2042,322014364,2
2043,60754575,2
2044,27309183,2
2045,272323612,2
2046,20606568,2
2047,50818303,2
2048,2969635023,2
2049,264320842,2
2050,1316049348,2
2051,1027088911,2
2052,37700052,2
2053,182856025,2
2054,739798933887721476,2
2055,456738096,2
2056,46508214,2
2057,175746012,2
2058,742231891621892096,2
2059,54464825,2
2060,831710412,2
2061,967426131371724801,2
2062,2934331281,2
2063,787895913909981184,2
2064,605753103,2
2065,396433959,2
2066,23565422,2
2067,1868689194,2
2068,125601846,2
2069,3012856498,2
2070,1192966322,2
2071,980028780248002563,2
2072,701072838766235649,2
2073,28367007,2
2074,1165216615279013889,2
2075,56377015,2
2076,1362324757,2
2077,366448401,2
2078,1235578843538378753,2
2079,860896517737119747,2
2080,2868942676,2
2081,1337086272880435200,2
2082,741931572190924800,2
2083,3437143726,2
2084,956604131858362368,2
2085,204451594,2
2086,780013075785285632,2
2087,1002213388624252928,2
2088,923435768185532416,2
2089,789375734976548864,2
2090,20777388,2
2091,615031999,2
2092,323860960,2
2093,2217403956,2
2094,1157768008808505344,2
2095,755833933670088704,2
2096,281053870,2
2097,1315727413368758282,2
2098,34503340,2
2099,3928550847,2
2100,1295391221297352704,2
2101,47651371,2
2102,220450181,2
2103,1687617150,2
2104,2521196219,2
2105,186121163,2
2106,2305484637,2
2107,262293753,2
2108,279205276,2
2109,196274688,2
2110,2162624650,2
2111,2801912866,2
2112,474181479,2
2113,1867693626,2
2114,244929643,2
2115,352567204,2
2116,1244564438,2
2117,19961822,2
2118,20271861,2
2119,232944983,2
2120,323495334,2
2121,590274192,2
2122,1121162732248735754,2
2123,1124576043644399617,2
2124,430173527,2
2125,54064033,2
2126,46086836,2
2127,114905979,2
2128,1212755181718228994,2
2129,137991160,2
2130,2891435261,2
2131,918909409,2
2132,992095651180752898,2
2133,44905206,2
2134,3348119374,2
2135,739442566979026944,2
2136,1273213558193520640,2
2137,1518700442,2
2138,292247379,2
2139,1686719156,2
2140,195646000,2
2141,231133992,2
2142,474835281,2
2143,504665563,2
2144,22620736,2
2145,798857435008012288,2
2146,1025690771779923968,2
2147,437351780,2
2148,298628016,2
2149,250703043,2
2150,53875465,2
2151,135247308,2
2152,28414734,2
2153,10064382,2
2154,180728609,2
2155,239079110,2
2156,20072801,2
2157,1667350333,2
2158,174699794,2
2159,135217611,2
2160,20276156,2
2161,19863821,2
2162,469647573,2
2163,1201220367274168321,2
2164,148497624,2
2165,65481914,2
2166,193447191,2
2167,399981865,2
2168,165874906,2
2169,24559364,2
2170,29439655,2
2171,22143486,2
2172,909699421,2
2173,217097305,2
2174,747686574880620544,2
2175,301083910,2
2176,37665118,2
2177,1267766702982512640,2
2178,74415794,2
2179,1390437282,2
2180,37209477,2
2181,1349935531,2
2182,124157524,2
2183,20072077,2
2184,3491090542,2
2185,20465706,2
2186,331997732,2
2187,629812149,2
2188,15358525,2
2189,3852756387,2
2190,3064319523,2
2191,2361586195,2
2192,2323710210,2
2193,387893015,2
2194,1486481569,2
2195,811845482414743552,2
2196,24662579,2
2197,20362880,2
2198,19415845,2
2199,160652458,2
2200,264956786,2
2201,2431944401,2
2202,4354607416,2
2203,2353442278,2
2204,185847499,2
2205,570841463,2
2206,507795477,2
2207,20189158,2
2208,2954455343,2
2209,1191375615733248000,2
2210,3343845533,2
2211,111275362,2
2212,3936129496,2
2213,367884409,2
2214,908407110224007170,2
2215,2287012250,2
2216,523690516,2
2217,136398822,2
2218,348533641,2
2219,1043185275290230787,2
2220,1209801985,2
2221,1248677281,2
2222,3317106195,2
2223,456240370,2
2224,924639406065143808,2
2225,630555574,2
2226,19623564,2
2227,25729276,2
2228,2897767198,2
2229,435124632,2
2230,191900633,2
2231,186365425,2
2232,1177496024765489153,2
2233,486672589,2
2234,27309851,2
2235,103096075,2
2236,326118074,2
2237,19717371,2
2238,274707932,2
2239,40096637,2
2240,326705907,2
2241,903870284,2
2242,373288689,2
2243,419841761,2
2244,525736421,2
2245,313246522,2
2246,1063168333695148033,2
2247,82251103,2
2248,52746074,2
2249,414921734,2
2250,2491300388,2
2251,143774999,2
2252,1052616817938706435,2
2253,4333180233,2
2254,6114012,2
2255,60697365,2
2256,466744589,2
2257,1025753340,2
2258,270528300,2
2259,395326135,2
2260,906803024,2
2261,929353646340558850,2
2262,149662671,2
2263,17931478,2
2264,30837140,2
2265,3996328349,2
2266,722949908114894848,2
2267,140809523,2
2268,1049561322726313985,2
2269,752527371295723520,2
2270,279026897,2
2271,759848401735327744,2
2272,729975578464489472,2
2273,291782565,2
2274,947242185329643520,2
2275,21899037,2
2276,303063271,2
2277,823159565768421376,2
2278,200917411,2
2279,2722960991,2
2280,426121475,2
2281,1070326149450993664,2
2282,28895498,2
2283,1189860916692688897,2
2284,3028016847,2
2285,14333461,2
2286,390586562,2
2287,253651516,2
2288,2161115530,2
2289,90730032,2
2290,66756576,2
2291,626500727,2
2292,2346119096,2
2293,1030190549691760640,2
2294,472376102,2
2295,1017895772589785088,2
2296,216785015,2
2297,262566248,2
2298,78996834,2
2299,297452606,2
2300,122989471,2
2301,514845857,2
2302,850098233372286976,2
2303,3093224115,2
2304,410996668,2
2305,189295266,2
2306,29998181,2
2307,236525602,2
2308,30972536,2
2309,18934566,2
2310,1328848677587259398,2
2311,778472059,2
2312,83702779,2
2313,105191832,2
2314,957998342,2
2315,236061837,2
2316,2376156750,2
2317,513487207,2
2318,225013119,2
2319,54194202,2
2320,334713923,2
2321,1093587779550920705,2
2322,1246352834897076224,2
2323,2625175593,2
2324,582054643,2
2325,288401090,2
2326,1339263962286845958,2
2327,53068634,2
2328,96606699,2
2329,384453300,2
2330,139795555,2
2331,57878789,2
2332,82438054,2
2333,29674985,2
2334,14447688,2
2335,3131282853,2
2336,1189237608041320449,2
2337,170291358,2
2338,3598361,2
2339,547605130,2
2340,546936420,2
2341,19091105,2
2342,2416247010,2
2343,366116316,2
2344,211609601,2
2345,221822702,2
2346,14094106,2
2347,170319586,2
2348,19002348,2
2349,86511570,2
2350,20045072,2
2351,315692018,2
2352,2250413433,2
2353,258482241,2
2354,1578496734,2
2355,84511924,2
2356,38022768,2
2357,939261336302833665,2
2358,4827480852,2
2359,3225074765,2
2360,271141747,2
2361,1270745013048283136,2
2362,321418630,2
2363,191530297,2
2364,723742357,2
2365,185695742,2
2366,222996911,2
2367,633647322,2
2368,3917611223,2
2369,603558379,2
2370,1467907890,2
2371,1336784251,2
2372,75120619,2
2373,704329738312146945,2
2374,13638392,2
2375,2148418247,2
2376,111396056,2
2377,799327816152137728,2
2378,1208032314799853568,2
2379,49599191,2
2380,2329399718,2
2381,431379842,2
2382,809538483157106690,2
2383,891331681810034689,2
2384,36323407,2
2385,2755496541,2
2386,304444470,2
2387,20090010,2
2388,89297790,2
2389,36144188,2
2390,19450027,2
2391,1107029286,2
2392,1299923767,2
2393,828760803167891458,2
2394,382979784,2
2395,1224633519797940225,2
2396,20992870,2
2397,1281283392,2
2398,247721536,2
2399,403345628,2
2400,968042152931610624,2
2401,1223538435991969792,2
2402,58225873,2
2403,59102196,2
2404,163411226,2
2405,570685251,2
2406,49944145,2
2407,81932892,2
2408,20778436,2
2409,628821369,2
2410,883448078346465281,2
2411,19016758,2
2412,21879408,2
2413,147157830,2
2414,26376560,2
2415,923936132806709248,2
2416,1291496664,2
2417,36177436,2
2418,19812999,2
2419,42005972,2
2420,2302382386,2
2421,262680562,2
2422,3087471141,2
2423,273791148,2
2424,2714242017,2
2425,4188112948,2
2426,173744910,2
2427,1169703701294014464,2
2428,234469787,2
2429,1102984961014013954,2
2430,1439292152,2
2431,326993093,2
2432,1003869847,2
2433,2951576033,2
2434,351672734,2
2435,305661174,2
2436,60266146,2
2437,1530096990,2
2438,160684464,2
2439,132859805,2
2440,316727374,2
2441,43300839,2
2442,557047911,2
2443,238531223,2
2444,902779728339361792,2
2445,302220942,2
2446,21072671,2
2447,361293395,2
2448,3389241605,2
2449,362375032,2
2450,3131295495,2
2451,29451711,2
2452,106764642,2
2453,2436451,2
2454,17313101,2
2455,1154341111072284672,2
2456,284925230,2
2457,1276806245161357312,2
2458,143182480,2
2459,153184164,2
2460,95414379,2
2461,28650327,2
2462,27141420,2
2463,184742299,2
2464,34075423,2
2465,3290133053,2
2466,1655899712,2
2467,14051157,2
2468,23310609,2
2469,1053458857,2
2470,23658116,2
2471,1251595110099419137,2
2472,1195784413059133441,2
2473,1202034180,2
2474,301485803,2
2475,596863671,2
2476,1094331614476333056,2
2477,19976072,2
2478,961268950632984576,2
2479,3323671419,2
2480,269435116,2
2481,3078395160,2
2482,922577125789577216,2
2483,57891734,2
2484,18784815,2
2485,43348117,2
2486,509447967,2
2487,20545548,2
2488,3362990235,2
2489,2452345703,2
2490,532397963,2
2491,941420714967621633,2
2492,2153993399,2
2493,2753488846,2
2494,1540571095,2
2495,620244219,2
2496,18396365,2
2497,2999401455,2
2498,714449739,2
2499,271480486,2
2500,1327291746825408517,2
2501,14132267,2
2502,2314004454,2
2503,3346451062,2
2504,19198079,2
2505,51494825,2
2506,4158110453,2
2507,760226877285994496,2
2508,3296439103,2
2509,976073284759511040,2
2510,3355744661,2
2511,1233865146713493504,2
2512,261741612,2
2513,1186922504,2
2514,138712059,2
2515,19487987,2
2516,1109098862034255872,2
2517,232377398,2
2518,267628885,2
2519,172808146,2
2520,302601234,2
2521,405055949,2
2522,73932910,2
2523,291371488,2
2524,21531148,2
2525,1451771623,2
2526,606359151,2
2527,608068291,2
2528,1202958882701750272,2
2529,19547938,2
2530,1522526131,2
2531,908055635144704000,2
2532,3030597182,2
2533,255423074,2
2534,14088288,2
2535,1170258137867280384,2
2536,219976700,2
2537,1107653590498320385,2
2538,273506018,2
2539,59699957,2
2540,3360257014,2
2541,4872796601,2
2542,2425777083,2
2543,776603300,2
2544,41380650,2
2545,184106499,2
2546,439130811,2
2547,2300073399,2
2548,133511235,2
2549,20232929,2
2550,495043092,2
2551,109881623,2
2552,892871737,2
2553,133709369,2
2554,2600201590,2
2555,547078860,2
2556,150318204,2
2557,295852630,2
2558,418519833,2
2559,4408948042,2
2560,219684193,2
2561,3901657042,2
2562,20059820,2
2563,523160325,2
2564,16646268,2
2565,2724306417,2
2566,2735946766,2
2567,1207197036,2
2568,189849553,2
2569,85695772,2
2570,2514302590,2
2571,245191009,2
2572,39310853,2
2573,22609435,2
2574,16006223,2
2575,101467275,2
2576,390428077,2
2577,393659500,2
2578,280419585,2
2579,821661186,2
2580,2943496456,2
2581,2769056931,2
2582,1107581869770575872,2
2583,59856707,2
2584,36609383,2
2585,540270823,2
2586,1003997926064996352,2
2587,913105981453881345,2
2588,57695552,2
2589,2829902231,2
2590,342354100,2
2591,470202747,2
2592,4653937337,2
2593,21607108,2
2594,395494780,2
2595,755794855,2
2596,515797198,2
2597,31216084,2
2598,868689120658378753,2
2599,1262715110654689280,2
2600,986012949612519424,2
2601,1143858734,2
2602,271482685,2
2603,1094868383789649925,2
2604,1074395610751647745,2
2605,136396429,2
2606,1088162550653558784,2
2607,49360520,2
2608,2949994432,2
2609,45131989,2
2610,1337837950403567617,2
2611,301429529,2
2612,739637576185860098,2
2613,46767916,2
2614,1007096940,2
2615,304269571,2
2616,257112634,2
2617,1405494120,2
2618,259372307,2
2619,2499891170,2
2620,21763985,2
2621,1410490981,2
2622,874563713264693248,2
2623,565658534,2
2624,295652194,2
2625,508048827,2
2626,1061392458,2
2627,137122018,2
2628,21486796,2
2629,383414505,2
2630,871156096689459200,2
2631,409830641,2
2632,85163819,2
2633,1042809540230701056,2
2634,779027477666619392,2
2635,1496571673,2
2636,49418920,2
2637,50624978,2
2638,761465239,2
2639,425168745,2
2640,454988730,2
2641,87057330,2
2642,27086850,2
2643,2862405927,2
2644,28659385,2
2645,1242458829285097473,2
2646,216406865,2
2647,796542926,2
2648,634849438,2
2649,1245652824068780035,2
2650,46257255,2
2651,1252145570271166465,2
2652,624622570,2
2653,912238388694175744,2
2654,147647083,2
2655,1161160489,2
2656,15702417,2
2657,4614059601,2
2658,293987469,2
2659,150789518,2
2660,816717700772794369,2
2661,324315557,2
2662,585744678,2
2663,20356894,2
2664,460423641,2
2665,1007673045195132928,2
2666,908040958050172928,2
2667,29674501,2
2668,907864764,2
2669,16695124,2
2670,706675391,2
2671,38837807,2
2672,19509646,2
2673,92551500,2
2674,2248343554,2
2675,23416906,2
2676,783318664800010240,2
2677,36108285,2
2678,572669093,2
2679,834402795071606785,2
2680,1332295261020938241,2
2681,19668681,2
2682,475734773,2
2683,302862774,2
2684,130974702,2
2685,78281230,2
2686,72796030,2
2687,1158846621733535746,2
2688,42070328,2
2689,20142865,2
2690,187611411,2
2691,499519733,2
2692,31433024,2
2693,111466207,2
2694,802155960059961344,2
2695,353965796,2
2696,488343857,2
2697,1641045698,2
2698,211128787,2
2699,348976300,2
2700,23474300,2
2701,1252910981837197312,2
2702,1033379158330679299,2
2703,142992001,2
2704,27840308,2
2705,1061088200,2
2706,48293890,2
2707,1677445248,2
2708,1577631582,2
2709,1192384864777101312,2
2710,2361675965,2
2711,712085738,2
2712,4844940401,2
2713,1118253830158864390,2
2714,29203196,2
2715,794084720120393728,2
2716,702198574340317189,2
2717,242908916,2
2718,1009543891,2
2719,2766625070,2
2720,343366299,2
2721,244219562,2
2722,301549416,2
2723,1611520670,2
2724,222505760,2
2725,54144262,2
2726,1707998522,2
2727,20948079,2
2728,4795755449,2
2729,266145294,2
2730,848892629379145728,2
2731,357146396,2
2732,297968198,2
2733,958480994,2
2734,55036939,2
2735,1112185507,2
2736,272126769,2
2737,1192879417909039105,2
2738,267942683,2
2739,23098175,2
2740,2339103263,2
2741,771430904199798785,2
2742,1479125761,2
2743,452122666,2
2744,161733313,2
2745,2601244200,2
2746,202767150,2
2747,411507360,2
2748,140429558,2
2749,93476801,2
2750,43764644,2
2751,1392060482,2
2752,916615818280087554,2
2753,707553529087598592,2
2754,285140026,2
2755,305231378,2
2756,626573222,2
2757,234485947,2
2758,20673008,2
2759,1147580034317803520,2
2760,51704029,2
2761,909467654393597957,2
2762,466486408,2
2763,17520192,2
2764,115994017,2
2765,736511093770735616,2
2766,137347149,2
2767,181657501,2
2768,25056114,2
2769,16254427,2
2770,1160809656002011137,2
2771,548430389,2
2772,42466128,2
2773,810874401415634944,2
2774,350824232,2
2775,49948025,2
2776,298150066,2
2777,48434903,2
2778,2749560592,2
2779,912971790607151104,2
2780,251676739,2
2781,90198556,2
2782,55797707,2
2783,1879703665,2
2784,725556481,2
2785,34686274,2
2786,3417157528,2
2787,634789213,2
2788,1007326676265656325,2
2789,29547451,2
2790,270795458,2
2791,131720380,2
2792,2473647709,2
2793,45938110,2
2794,1465452270,2
2795,1000162032,2
2796,73671161,2
2797,563557286,2
2798,2500252241,2
2799,18569148,2
2800,486202737,2
2801,1232078299540705281,2
2802,608349633,2
2803,134846970,2
2804,1645932648,2
2805,20669199,2
2806,813596028,2
2807,37962442,2
2808,1519358437,2
2809,236994381,2
2810,20859878,2
2811,2375687444,2
2812,118745025,2
2813,334090053,2
2814,124460617,2
2815,2711087374,2
2816,20271714,2
2817,1193436672387629056,2
2818,909539652,2
2819,108376704,2
2820,57750368,2
2821,87922729,2
2822,2336722190,2
2823,15324455,2
2824,5612552,2
2825,148760112,2
2826,883275438293954561,2
2827,568196961,2
2828,98377963,2
2829,239041121,2
2830,406952450,2
2831,1113932257641816064,2
2832,329580919,2
2833,19188691,2
2834,448314293,2
2835,182295325,2
2836,597671788,2
2837,19117737,2
2838,475829611,2
2839,1519817040,2
2840,14058391,2
2841,3347333243,2
2842,16680002,2
2843,6642372,2
2844,1211741607948517382,2
2845,469759734,2
2846,28575788,2
2847,288672978,2
2848,102420883,2
2849,2939484929,2
2850,18638542,2
2851,359350247,2
2852,589488084,2
2853,135660875,2
2854,256152970,2
2855,866895038,2
2856,776494250536103940,2
2857,139052911,2
2858,21392875,2
2859,879433817064427521,2
2860,132122673,2
2861,211806184,2
2862,506154028,2
2863,143755461,2
2864,2219340368,2
2865,786524963792564224,2
2866,1095085046669684736,2
2867,1316062976,2
2868,89282964,2
2869,1259042546052972544,2
2870,15375974,2
2871,20104360,2
2872,1334587194,2
2873,1090916380768169985,2
2874,50989601,2
2875,21198500,2
2876,918755053804163072,2
2877,77503,2
2878,142424070,2
2879,138021990,2
2880,119311878,2
2881,1418835576,2
2882,9401652,2
2883,2727984142,2
2884,189539455,2
2885,217606974,2
2886,2513254118,2
2887,1468275090,2
2888,1010973919799644161,2
2889,168319653,2
2890,1009912602493902854,2
2891,203071450,2
2892,47356270,2
2893,453906292,2
2894,87015576,2
2895,386466670,2
2896,1203519152738226176,2
2897,294598084,2
2898,1061735143398879234,2
2899,2316904543,2
2900,310732129,2
2901,1195032008268890118,2
2902,70776950,2
2903,20500977,2
2904,253604178,2
2905,739130184,2
2906,477220469,2
2907,78581809,2
2908,557177681,2
2909,162135688,2
2910,467715221,2
2911,414214753,2
2912,302288927,2
2913,1235971575419154434,2
2914,24067489,2
2915,1168669381,2
2916,27325872,2
2917,27083288,2
2918,426815640,2
2919,14909379,2
2920,830930444,2
2921,706531864488574976,2
2922,42428063,2
2923,2376099384,2
2924,90646214,2
2925,1159699802,2
2926,173871809,2
2927,303749981,2
2928,1334094228,2
2929,793084898131181568,2
2930,1245447292280324099,2
2931,2683785009,2
2932,40544905,2
2933,462219634,2
2934,1038398329804206082,2
2935,1321003422133440513,2
2936,740281800782667776,2
2937,2827206368,2
2938,20386929,2
2939,51504624,2
2940,107036446,2
2941,450711709,2
2942,108354943,2
2943,212170903,2
2944,21747635,2
2945,701877332231983104,2
2946,2240026202,2
2947,87686159,2
2948,175681379,2
2949,712249730047340545,2
2950,892887770,2
2951,17629775,2
2952,184731048,2
2953,331817541,2
2954,903195525389877249,2
2955,2164962856,2
2956,112795703,2
2957,14930112,2
2958,540769970,2
2959,975745312571756548,2
2960,145202170,2
2961,2505709889,2
2962,4872671644,2
2963,759532112,2
2964,147171472,2
2965,309057722,2
2966,1239768638,2
2967,15997703,2
2968,20556085,2
2969,116579907,2
2970,1256538474091552769,2
2971,921467521806602240,2
2972,379272044,2
2973,323223515,2
2974,451609010,2
2975,363070147,2
2976,1022087331979972609,2
2977,198588215,2
2978,21606198,2
2979,139826597,2
2980,796641096013119488,2
2981,23430190,2
2982,16345403,2
2983,1352944242461708288,2
2984,505077788,2
2985,712385612,2
2986,911618701887246336,2
2987,197079493,2
2988,307532902,2
2989,859370030,2
2990,2720845264,2
2991,635686438,2
2992,346157976,2
2993,80625138,2
2994,1330207604,2
2995,3394046625,2
2996,3027781285,2
2997,744045716440518658,2
2998,978323795961409536,2
2999,76040121,2
3000,860763652781215744,2
3001,1305453892289941504,2
3002,302431946,2
3003,2341936416,2
3004,4264297743,2
3005,319838410,2
3006,795033294974894080,2
3007,413104296,2
3008,87960985,2
3009,214662698,2
3010,1628176536,2
3011,22673077,2
3012,1361443681,2
3013,159547932,2
3014,983340752,2
3015,356488026,2
3016,722661798,2
3017,134736733,2
3018,543594710,2
3019,1269584157862170633,2
3020,392547375,2
3021,1319247452134952961,2
3022,271884824,2
3023,185988655,2
3024,116052172,2
3025,52548608,2
3026,816962313282551808,2
3027,342896586,2
3028,2850159474,2
3029,725870917,2
3030,1253682663887499264,2
3031,805121407202037760,2
3032,143890766,2
3033,1120625605,2
3034,136054296,2
3035,601394733,2
3036,981724812379815936,2
3037,450083871,2
3038,2679843014,2
3039,1271849802129723392,2
3040,397565417,2
3041,3501057137,2
3042,843426794799861762,2
3043,763867706,2
3044,85422306,2
3045,405579267,2
3046,344665459,2
3047,1181475863281446912,2
3048,1043414000367796224,2
3049,374067992,2
3050,20757963,2
3051,1108364473440632832,2
3052,46121931,2
3053,20398264,2
3054,423533735,2
3055,1186959122505314304,2
3056,165681989,2
3057,791337340027437056,2
3058,483959594,2
3059,1332502228540776450,2
3060,4103876511,2
3061,406933048,2
3062,17740609,2
3063,46753606,2
3064,50304085,2
3065,15236543,2
3066,281814030,2
3067,421770363,2
3068,733028847743029248,2
3069,45109200,2
3070,712351804697272320,2
3071,1324092583711285251,2
3072,1858780626,2
3073,425269871,2
3074,590041552,2
3075,2760051024,2
3076,1044713760718508033,2
3077,604034363,2
3078,70342007,2
3079,739181394748903424,2
3080,43406971,2
3081,269538078,2
3082,2453404097,2
3083,1224458642373607425,2
3084,868578081908420608,2
3085,364483643,2
3086,1068445307732664321,2
3087,22248862,2
3088,2998124313,2
3089,1063635319,2
3090,786933666194874368,2
3091,252495295,2
3092,601858066,2
3093,79210616,2
3094,19926669,2
3095,351153088,2
3096,364222444,2
3097,1208025030191390720,2
3098,1210640855519899648,2
3099,872480256,2
3100,340961193,2
3101,519632181,2
3102,2532883606,2
3103,45217858,2
3104,389086077,2
3105,392602777,2
3106,452339795,2
3107,1854027860,2
3108,747782882,2
3109,1324808903545290752,2
3110,300301745,2
3111,17041539,2
3112,236872671,2
3113,962957460926427137,2
3114,1265351294665048065,2
3115,289797762,2
3116,396129598,2
3117,322205588,2
3118,219481319,2
3119,76328189,2
3120,19449019,2
3121,308316600,2
3122,1340289660178853888,2
3123,63537311,2
3124,17823952,2
3125,1053602634895114240,2
3126,90731659,2
3127,138494075,2
3128,179633851,2
3129,34582092,2
3130,223022484,2
3131,178074513,2
3132,19076804,2
3133,895812451,2
3134,707569995019128833,2
3135,416633214,2
3136,720331280,2
3137,1251809218337878016,2
3138,873908112,2
3139,2323940028,2
3140,591890554,2
3141,304553878,2
3142,14511513,2
3143,132125853,2
3144,223639655,2
3145,2472504526,2
3146,616110915,2
3147,118013693,2
3148,305490277,2
3149,1861060807,2
3150,1224785192797208578,2
3151,1000249528820404224,2
3152,942740037636157440,2
3153,44916992,2
3154,900268046362824704,2
3155,3230403832,2
3156,727266451036450818,2
3157,192853020,2
3158,20749317,2
3159,1700017196,2
3160,146944698,2
3161,28962293,2
3162,1200175688319406086,2
3163,1239313269371867137,2
3164,278656915,2
3165,731547067840122886,2
3166,976334662934188032,2
3167,253663825,2
3168,30883079,2
3169,40748570,2
3170,1334058451182514176,2
3171,18460300,2
3172,955967659555938305,2
3173,59711812,2
3174,22186403,2
3175,1108758578272313344,2
3176,132163121,2
3177,174392751,2
3178,420603388,2
3179,93484275,2
3180,631865146,2
3181,173837697,2
3182,528862762,2
3183,19549312,2
3184,408814508,2
3185,2715551621,2
3186,382137698,2
3187,23230249,2
3188,732644894,2
3189,134196574,2
3190,122964212,2
3191,1059163613351591937,2
3192,20557527,2
3193,1356480259,2
3194,521412637,2
3195,145965979,2
3196,485501214,2
3197,41906358,2
3198,22245293,2
3199,376469902,2
3200,2246642315,2
3201,45635681,2
3202,21678785,2
3203,112835536,2
3204,712373551635013633,2
3205,1001033597070045184,2
3206,745559402711678977,2
3207,2792593920,2
3208,3306668963,2
3209,18214861,2
3210,3395342541,2
3211,3012266517,2
3212,1193971236583485440,2
3213,256950952,2
3214,93726008,2
3215,151982435,2
3216,3901177641,2
3217,1558691960,2
3218,2578286648,2
3219,1174911951845019648,2
3220,440428603,2
3221,1022796739286319105,2
3222,30419547,2
3223,1028302356197326849,2
3224,257471287,2
3225,268480432,2
3226,1052610998153048064,2
3227,1277159750,2
3228,531602547,2
3229,19643353,2
3230,18770158,2
3231,1075327618860376064,2
3232,813651144,2
3233,220734069,2
3234,481605257,2
3235,142619929,2
3236,2756170094,2
3237,194605154,2
3238,248614355,2
3239,4452459195,2
3240,897524418305458176,2
3241,198650047,2
3242,1210318061124956166,2
3243,44726842,2
3244,1553519059,2
3245,104837682,2
3246,767724009618305024,2
3247,22135002,2
3248,119217218,2
3249,156589008,2
3250,49022134,2
3251,52217724,2
3252,732037160187105280,2
3253,1414645974,2
3254,561868015,2
3255,2190523150,2
3256,912305823514288129,2
3257,176992897,2
3258,1334940594469281793,2
3259,864128932295180288,2
3260,885529432571744258,2
3261,610237422,2
3262,976907199208452096,2
3263,308428588,2
3264,1107317417728983040,2
3265,19985591,2
3266,29513552,2
3267,4220367585,2
3268,104878048,2
3269,113494760,2
3270,578148674,2
3271,90337452,2
3272,252996184,2
3273,1177851431992401920,2
3274,1247920569716215809,2
3275,1025736177020792833,2
3276,54581834,2
3277,388160987,2
3278,190089586,2
3279,1036920252754534401,2
3280,23848907,2
3281,960767672,2
3282,56681669,2
3283,2782348502,2
3284,50738390,2
3285,1061308476,2
3286,49418195,2
3287,3323245259,2
3288,1041696611645046784,2
3289,490381122,2
3290,264435105,2
3291,2226845824,2
3292,1114928459980124161,2
3293,943852298,2
3294,1193137767905218560,2
3295,527526077,2
3296,1550337920,2
3297,1205576715352920066,2
3298,1734756686,2
3299,580933138,2
3300,3008238297,2
3301,631973519,2
3302,1301582350137126912,2
3303,2347362873,2
3304,1316401449123880961,2
3305,925131743669248001,2
3306,187490279,2
3307,14203355,2
3308,276999003,2
3309,254503017,2
3310,382199815,2
3311,371094968,2
3312,537114820,2
3313,17177957,2
3314,24439904,2
3315,1129333945,2
3316,266200690,2
3317,4756115650,2
3318,718662114,2
3319,1219694115597815808,2
3320,141000019,2
3321,1323540026832097280,2
3322,1127892276385075200,2
3323,15117740,2
3324,828595324742680576,2
3325,224977188,2
3326,62823917,2
3327,26081880,2
3328,304453007,2
3329,44678243,2
3330,1037292698934370304,2
3331,1022423784983355392,2
3332,20208612,2
3333,22484189,2
3334,58785076,2
3335,69001458,2
3336,179432805,2
3337,365701222,2
3338,919349178177908736,2
3339,103337452,2
3340,4121880432,2
3341,19469297,2
3342,21446516,2
3343,20880639,2
3344,62755025,2
3345,82157650,2
3346,1337717648,2
3347,23631006,2
3348,1832956273,2
3349,949684029405753346,2
3350,18729450,2
3351,46918711,2
3352,713959159,2
3353,156626300,2
3354,12893642,2
3355,1729925257,2
3356,893367108905705473,2
3357,275604030,2
3358,1096941477693923328,2
3359,242531335,2
3360,221862156,2
3361,430913993,2
3362,624098853,2
3363,39713564,2
3364,519906550,2
3365,19190952,2
3366,1138706086519877633,2
3367,2982360431,2
3368,1697267690,2
3369,96833180,2
3370,26532346,2
3371,83813538,2
3372,1160150106018070528,2
3373,531702883,2
3374,1401971798,2
3375,350346557,2
3376,1154951216,2
3377,1326469638,2
3378,430089400,2
3379,94063958,2
3380,19558960,2
3381,1151591916401758216,2
3382,84404054,2
3383,338273129,2
3384,394894237,2
3385,43918191,2
3386,4479047613,2
3387,39382120,2
3388,1289277529,2
3389,2798047826,2
3390,261200458,2
3391,259028721,2
3392,20302819,2
3393,218375593,2
3394,2562273669,2
3395,3828392307,2
3396,1561332966,2
3397,590157623,2
3398,43881614,2
3399,471483150,2
3400,45545183,2
3401,18811743,2
3402,2677375998,2
3403,224976619,2
3404,15996470,2
3405,463148750,2
3406,1233383811876114432,2
3407,110053699,2
3408,131268401,2
3409,867271310916943872,2
3410,247049916,2
3411,729118616,2
3412,198868307,2
3413,1201251398106730501,2
3414,468731953,2
3415,33239322,2
3416,196175107,2
3417,797442958375186432,2
3418,15002823,2
3419,2665357323,2
3420,239092939,2
3421,106857365,2
3422,251324703,2
3423,624750445,2
3424,21609682,2
3425,1447152420,2
3426,71013411,2
3427,72928194,2
3428,2664660573,2
3429,30098966,2
3430,970780136562937856,2
3431,146950652,2
3432,3230429481,2
3433,2343310587,2
3434,55813777,2
3435,443163013,2
3436,35769926,2
3437,1051963165926465536,2
3438,2634485571,2
3439,237263928,2
3440,2777391429,2
3441,1097768546732523521,2
3442,966538256807612416,2
3443,190777022,2
3444,19088430,2
3445,21791907,2
3446,1155606919480000512,2
3447,2723912350,2
3448,293439146,2
3449,1005551833098661888,2
3450,21327962,2
3451,1647357476,2
3452,181654837,2
3453,26350504,2
3454,249144686,2
3455,43585028,2
3456,20998450,2
3457,1262845420507668483,2
3458,1057388040845512709,2
3459,759653390234292224,2
3460,348667112,2
3461,753915192707260416,2
3462,781936347724517376,2
3463,1175726427267850240,2
3464,216871194,2
3465,254244392,2
3466,3176136137,2
3467,45563638,2
3468,280721565,2
3469,13214302,2
3470,580419902,2
3471,486847400,2
3472,16667833,2
3473,3305441481,2
3474,14409295,2
3475,787511155,2
3476,324887442,2
3477,620465517,2
3478,2310491771,2
3479,18242676,2
3480,834078006020816897,2
3481,80340223,2
3482,51678787,2
3483,133226087,2
3484,178003357,2
3485,818069778,2
3486,19488746,2
3487,385997074,2
3488,1185546955969171457,2
3489,286615621,2
3490,49699180,2
3491,1017440833971376128,2
3492,94288016,2
3493,786593015255207937,2
3494,23412626,2
3495,14431118,2
3496,1242363818,2
3497,3086817304,2
3498,202575101,2
3499,123594649,2
3500,3050774834,2
3501,807734665,2
3502,1009789320058888193,2
3503,14219075,2
3504,45131936,2
3505,2491841306,2
3506,17028894,2
3507,153519509,2
3508,1918978645,2
3509,19494397,2
3510,226646848,2
3511,39624859,2
3512,1116304475101253632,2
3513,2745185051,2
3514,174762342,2
3515,1006149809961566208,2
3516,71664340,2
3517,1227972588279861249,2
3518,255175023,2
3519,1186271582,2
3520,752231467627970560,2
3521,2878730401,2
3522,848213076138745862,2
3523,394316880,2
3524,1337283895,2
3525,30878282,2
3526,896788733302910976,2
3527,96625450,2
3528,198810529,2
3529,331083850,2
3530,4778897956,2
3531,374635358,2
3532,1215402869597392897,2
3533,1288427598750650368,2
3534,484195231,2
3535,716650057093812225,2
3536,214568192,2
3537,228331066,2
3538,456610909,2
3539,120123407,2
3540,21485292,2
3541,758344268687806464,2
3542,623069413,2
3543,1732146554,2
3544,201881883,2
3545,253974370,2
3546,987003619,2
3547,364540889,2
3548,193296463,2
3549,3588327315,2
3550,617489213,2
3551,322521668,2
3552,1265636228705255425,2
3553,20620044,2
3554,920269675057074183,2
3555,22154136,2
3556,1206179478940110848,2
3557,295653609,2
3558,95012312,2
3559,22613528,2
3560,455230249,2
3561,458246058,2
3562,31103315,2
3563,4069087198,2
3564,22650004,2
3565,1431159590,2
3566,143109796,2
3567,32884072,2
3568,841264231576158212,2
3569,208094223,2
3570,2952021743,2
3571,407843008,2
3572,23938610,2
3573,16486330,2
3574,34001260,2
3575,19197986,2
3576,121540262,2
3577,31713762,2
3578,39047986,2
3579,301952988,2
3580,1107098095,2
3581,126916618,2
3582,241546054,2
3583,118308128,2
3584,730818342,2
3585,2420906801,2
3586,26209795,2
3587,1111292292,2
3588,45895061,2
3589,20763619,2
3590,111967373,2
3591,316326223,2
3592,2186918179,2
3593,299256578,2
3594,16805786,2
3595,2887762151,2
3596,19148302,2
3597,21285932,2
3598,907257394715131905,2
3599,33211625,2
3600,3070538812,2
3601,45862181,2
3602,432688786,2
3603,883422733295550466,2
3604,72107835,2
3605,25968595,2
3606,2868004687,2
3607,747051539949293568,2
3608,1501944355,2
3609,2306539928,2
3610,192192258,2
3611,865969633,2
3612,1042608612844154881,2
3613,391309021,2
3614,433642273,1
3615,60526729,1
3616,250763926,1
3617,1260538681,1
3618,204455051,1
3619,302691514,1
3620,365419633,1
3621,149454247,1
3622,1154743434,1
3623,14284095,1
3624,1858204850,1
3625,173773417,1
3626,922857812811747328,1
3627,602035977,1
3628,790452908668125184,1
3629,99585177,1
3630,2790555116,1
3631,94178917,1
3632,751424545555357696,1
3633,522568626,1
3634,181904323,1
3635,192497501,1
3636,219613051,1
3637,2823961628,1
3638,143922404,1
3639,463738122,1
3640,3424710496,1
3641,480306411,1
3642,1254426311960952832,1
3643,18702388,1
3644,1307772519345205255,1
3645,170830907,1
3646,4446155362,1
3647,845155500853374976,1
3648,398092749,1
3649,19853151,1
3650,835880402212503552,1
3651,407330744,1
3652,1320677206805327874,1
3653,1165775737,1
3654,386654390,1
3655,311417624,1
3656,351001423,1
3657,223543908,1
3658,19333088,1
3659,20982926,1
3660,494465615,1
3661,85073360,1
3662,492427011,1
3663,138884478,1
3664,1215378405232926726,1
3665,247557344,1
3666,758026574,1
3667,58028791,1
3668,86941223,1
3669,436659501,1
3670,242587571,1
3671,473095048,1
3672,42528197,1
3673,935621957730668544,1
3674,632418871,1
3675,1029768560413949957,1
3676,310817263,1
3677,5332492,1
3678,20496975,1
3679,22760895,1
3680,399062257,1
3681,216328316,1
3682,141505719,1
3683,584172168,1
3684,176024190,1
3685,352113758,1
3686,788245392,1
3687,1120846814,1
3688,20326272,1
3689,813435111257546753,1
3690,602571886,1
3691,1833278893,1
3692,143741911,1
3693,366733146,1
3694,20004220,1
3695,422914284,1
3696,1120084255,1
3697,1539251587,1
3698,328715598,1
3699,90836086,1
3700,574006215,1
3701,19459596,1
3702,171578994,1
3703,1128281877754916869,1
3704,1416305713,1
3705,292311497,1
3706,299043195,1
3707,976348472,1
3708,795617511966441472,1
3709,2788664646,1
3710,37022308,1
3711,73813672,1
3712,214500504,1
3713,1071800443821613057,1
3714,22961738,1
3715,65221235,1
3716,911047590,1
3717,808617989360799744,1
3718,64729524,1
3719,106443101,1
3720,291866829,1
3721,2292986652,1
3722,110673419,1
3723,127986328,1
3724,786950671442518016,1
3725,1570130077,1
3726,1087247508,1
3727,37991154,1
3728,118570252,1
3729,908791580143833091,1
3730,972469007759667201,1
3731,344281042,1
3732,625888093,1
3733,1055404842557104128,1
3734,30299686,1
3735,189461353,1
3736,233991385,1
3737,2844512454,1
3738,46501784,1
3739,4504681047,1
3740,204953805,1
3741,20079103,1
3742,730948526,1
3743,2497600713,1
3744,1658560038,1
3745,1192357144336764928,1
3746,277503627,1
3747,21298024,1
3748,43742550,1
3749,462076131,1
3750,931265898060578816,1
3751,252005454,1
3752,2445916579,1
3753,296667949,1
3754,134479784,1
3755,1364490696,1
3756,539639614,1
3757,42385805,1
3758,973831052618846208,1
3759,1113431647494524928,1
3760,18630276,1
3761,2261755271,1
3762,582776454,1
3763,20325923,1
3764,163985654,1
3765,766686741570940928,1
3766,409854483,1
3767,1371529302,1
3768,936358018865909761,1
3769,1153825935931711488,1
3770,202188019,1
3771,27053,1
3772,1239901808945922062,1
3773,289219653,1
3774,209469976,1
3775,105867126,1
3776,970081861,1
3777,843718632295292929,1
3778,273681967,1
3779,19529901,1
3780,1157547120796344320,1
3781,2433357463,1
3782,14450939,1
3783,1328242931984166912,1
3784,2979933167,1
3785,19784235,1
3786,260902655,1
3787,3139802451,1
3788,716918653116133377,1
3789,192397079,1
3790,442650884,1
3791,737703283,1
3792,240202293,1
3793,30532346,1
3794,1041686059493384192,1
3795,57871428,1
3796,288170339,1
3797,263199674,1
3798,396683313,1
3799,285591769,1
3800,1276017409,1
3801,17006251,1
3802,1270446214392082432,1
3803,1069185828042108928,1
3804,90502902,1
3805,2519097653,1
3806,2474754063,1
3807,20038291,1
3808,336162520,1
3809,277144403,1
3810,55676741,1
3811,1019323830,1
3812,135062258,1
3813,203034083,1
3814,186927319,1
3815,320337013,1
3816,71450524,1
3817,276567870,1
3818,88176594,1
3819,432732114,1
3820,14882092,1
3821,548777439,1
3822,74471923,1
3823,4268099267,1
3824,1159191179625476096,1
3825,477091686,1
3826,1244367572142821376,1
3827,286876380,1
3828,48285951,1
3829,279190200,1
3830,1270029438672089095,1
3831,22260863,1
3832,1237448147540082692,1
3833,275430355,1
3834,320938152,1
3835,20228355,1
3836,36987648,1
3837,18845507,1
3838,1285344361,1
3839,1242962783802621959,1
3840,351080942,1
3841,1172576172837888008,1
3842,222833026,1
3843,581593295,1
3844,315415115,1
3845,1266419912622440449,1
3846,314065434,1
3847,61991632,1
3848,1477837657,1
3849,30435677,1
3850,26455411,1
3851,168115919,1
3852,80086423,1
3853,16361307,1
3854,445383657,1
3855,128561204,1
3856,2815348254,1
3857,23359111,1
3858,40225779,1
3859,284468386,1
3860,2788802229,1
3861,1091377272412606465,1
3862,59626370,1
3863,37486925,1
3864,631186166,1
3865,90595264,1
3866,152988768,1
3867,301896146,1
3868,471299082,1
3869,121737955,1
3870,771698,1
3871,13520392,1
3872,634053420,1
3873,1234584878722748422,1
3874,431054036,1
3875,73612180,1
3876,33880851,1
3877,60407454,1
3878,192862587,1
3879,312610856,1
3880,113044788,1
3881,1019830041457430529,1
3882,208328106,1
3883,15769671,1
3884,51821511,1
3885,969159914244530176,1
3886,394599971,1
3887,1701825385,1
3888,116417424,1
3889,740064360,1
3890,29744178,1
3891,779758624327565312,1
3892,100218900,1
3893,17948654,1
3894,1329608828,1
3895,826781639510462464,1
3896,28542217,1
3897,749906443629764608,1
3898,1210244802597576704,1
3899,794610029479526400,1
3900,121196440,1
3901,392156138,1
3902,710860301462274048,1
3903,30427591,1
3904,1101578154022445057,1
3905,3359430407,1
3906,36788302,1
3907,294580800,1
3908,91800678,1
3909,242505179,1
3910,4086135389,1
3911,977133939407097856,1
3912,1322851534208729088,1
3913,137743104,1
3914,2225591541,1
3915,2881227624,1
3916,1152462431576383493,1
3917,14742894,1
3918,1334700541990096896,1
3919,19607734,1
3920,387306037,1
3921,326146840,1
3922,355073487,1
3923,54612060,1
3924,2956556993,1
3925,918443876,1
3926,2531453825,1
3927,195172822,1
3928,20330359,1
3929,1222526350382325760,1
3930,715788240,1
3931,353210836,1
3932,1152049848,1
3933,970735452314636293,1
3934,82406621,1
3935,22028947,1
3936,431774932,1
3937,34334593,1
3938,375333257,1
3939,47959330,1
3940,29502347,1
3941,172543348,1
3942,1227636021510201345,1
3943,449031714,1
3944,975470889092427776,1
3945,850104661,1
3946,4726457374,1
3947,860957000,1
3948,1128658026167177218,1
3949,1108419005931499522,1
3950,741078769,1
3951,1258670829853868032,1
3952,2379220361,1
3953,247519201,1
3954,1308648397,1
3955,770959616209543168,1
3956,718380698726490113,1
3957,1327311753873661954,1
3958,192190308,1
3959,23092345,1
3960,3157192677,1
3961,17938303,1
3962,2956790176,1
3963,523718566,1
3964,94362411,1
3965,306852176,1
3966,487633121,1
3967,37937683,1
3968,1050895386,1
3969,224943991,1
3970,382027901,1
3971,308033372,1
3972,2481509585,1
3973,278280467,1
3974,2849813541,1
3975,175229262,1
3976,488221909,1
3977,256450096,1
3978,855397063,1
3979,290643240,1
3980,3429975503,1
3981,100467208,1
3982,377297826,1
3983,907275448136151042,1
3984,2369694082,1
3985,899588783963877377,1
3986,166936291,1
3987,10419742,1
3988,1187123622,1
3989,167417966,1
3990,87650407,1
3991,7285232,1
3992,994260087299506177,1
3993,1343965489794600960,1
3994,19504733,1
3995,28877405,1
3996,19094454,1
3997,491351631,1
3998,1280089220984569856,1
3999,21100711,1
4000,40922091,1
4001,935601367,1
4002,3078098325,1
4003,63495812,1
4004,281438674,1
4005,35766843,1
4006,57675532,1
4007,1309145899608797186,1
4008,1214550080260378624,1
4009,833405702102200328,1
4010,2879561315,1
4011,1111736815571095552,1
4012,294745488,1
4013,42397478,1
4014,807549960,1
4015,166685118,1
4016,364967767,1
4017,20198687,1
4018,915595825,1
4019,12675,1
4020,2968861546,1
4021,234462800,1
4022,278200678,1
4023,3247339277,1
4024,1065127575058612224,1
4025,608483780,1
4026,921155802253193216,1
4027,34211910,1
4028,741994049763184640,1
4029,303238218,1
4030,262207201,1
4031,1091977362424639489,1
4032,20136300,1
4033,786646514886205440,1
4034,843626462,1
4035,1857835639,1
4036,213304371,1
4037,3304588485,1
4038,43148115,1
4039,1338721242,1
4040,108256916,1
4041,5858892,1
4042,741039318,1
4043,759832545814908928,1
4044,128646328,1
4045,255719895,1
4046,1157309255080390656,1
4047,21080205,1
4048,203883147,1
4049,3980548337,1
4050,346563931,1
4051,190312944,1
4052,2312956419,1
4053,408815265,1
4054,560899870,1
4055,853388192,1
4056,29667017,1
4057,1062475431717171200,1
4058,99343078,1
4059,22685163,1
4060,434207218,1
4061,117866820,1
4062,292309577,1
4063,111450559,1
4064,347969296,1
4065,198416441,1
4066,5271801,1
4067,225973778,1
4068,577,1
4069,321913565,1
4070,202278103,1
4071,19866487,1
4072,345023479,1
4073,908415524,1
4074,1123591109853294594,1
4075,965636622120312832,1
4076,2206993713,1
4077,485771943,1
4078,764091126089383940,1
4079,56315907,1
4080,196524831,1
4081,1105067736466706432,1
4082,303113342,1
4083,796448382353100801,1
4084,776092090426064896,1
4085,85889375,1
4086,20637148,1
4087,69843442,1
4088,1000786905812930560,1
4089,260931944,1
4090,228325744,1
4091,3132987026,1
4092,1384237722,1
4093,311367141,1
4094,2922758631,1
4095,40669091,1
4096,46631008,1
4097,3387746703,1
4098,2252768753,1
4099,3409163409,1
4100,1102122494,1
4101,48520704,1
4102,2366433215,1
4103,954242606,1
4104,869661854968274944,1
4105,22769464,1
4106,1171437122,1
4107,365126026,1
4108,984194094896476161,1
4109,212646143,1
4110,898048807,1
4111,305871623,1
4112,1297986562894917632,1
4113,946233283,1
4114,459261664,1
4115,611098763,1
4116,450195603,1
4117,113500492,1
4118,4557726208,1
4119,938185617413951489,1
4120,1920551131,1
4121,4480851,1
4122,457374245,1
4123,1550511306,1
4124,131556120,1
4125,579818512,1
4126,18430015,1
4127,1012406907464814597,1
4128,3054026849,1
4129,534474853,1
4130,1174434562472103937,1
4131,116416513,1
4132,15115772,1
4133,20469193,1
4134,77936710,1
4135,1187420832072642561,1
4136,148008754,1
4137,301318957,1
4138,58472474,1
4139,199295672,1
4140,2390814272,1
4141,4295618848,1
4142,219015167,1
4143,730858675632541697,1
4144,1078300256826216450,1
4145,2258253532,1
4146,1245999206772477953,1
4147,2942965666,1
4148,751743982309371905,1
4149,144478864,1
4150,1013774491,1
4151,290889806,1
4152,90960843,1
4153,74940744,1
4154,188064557,1
4155,873636843627196416,1
4156,31515684,1
4157,38613136,1
4158,21004095,1
4159,62466757,1
4160,962709505,1
4161,59064162,1
4162,1257804544685342723,1
4163,2175167578,1
4164,353663184,1
4165,74441858,1
4166,140335312,1
4167,951975535,1
4168,983350192228446208,1
4169,161611216,1
4170,722360204197818372,1
4171,365673829,1
4172,18688547,1
4173,1513597176,1
4174,2399796942,1
4175,1231805022,1
4176,273321255,1
4177,7066442,1
4178,27480407,1
4179,976925947,1
4180,1844003492,1
4181,478058621,1
4182,235902691,1
4183,625493809,1
4184,19562921,1
4185,3221135170,1
4186,133397656,1
4187,582621487,1
4188,24895228,1
4189,87686466,1
4190,347851549,1
4191,836922974645125120,1
4192,135263108,1
4193,1243924050080038912,1
4194,96543601,1
4195,490403438,1
4196,152536461,1
4197,144502167,1
4198,163603232,1
4199,20093742,1
4200,29433928,1
4201,927563839683645441,1
4202,344681254,1
4203,2572660272,1
4204,306273367,1
4205,1241694450,1
4206,409541318,1
4207,1016782421335912448,1
4208,26537356,1
4209,2591853838,1
4210,40929352,1
4211,892864683627118593,1
4212,17583154,1
4213,19609238,1
4214,189075005,1
4215,19254329,1
4216,3136260351,1
4217,103087881,1
4218,1246432424311037952,1
4219,216118019,1
4220,2762358953,1
4221,60893798,1
4222,366155883,1
4223,725276890618056704,1
4224,179529386,1
4225,709491452699648006,1
4226,2817773821,1
4227,189101843,1
4228,301541663,1
4229,19587705,1
4230,245755720,1
4231,16424343,1
4232,349011637,1
4233,1173544414339371008,1
4234,6343542,1
4235,453263047,1
4236,180063872,1
4237,1490914190,1
4238,626856195,1
4239,359812871,1
4240,1197798221264949248,1
4241,148475850,1
4242,46388124,1
4243,143939536,1
4244,3410765111,1
4245,302235085,1
4246,897848227,1
4247,1126532094933467136,1
4248,727389893563940864,1
4249,2632186043,1
4250,787087026,1
4251,797006581,1
4252,1726664312,1
4253,1367306708,1
4254,841711224584822784,1
4255,3893066712,1
4256,45056236,1
4257,33683039,1
4258,431531346,1
4259,307250814,1
4260,137621315,1
4261,19065489,1
4262,43473401,1
4263,2605437510,1
4264,915608378847776768,1
4265,203120626,1
4266,1346564096,1
4267,28182429,1
4268,1711252933,1
4269,537296707,1
4270,562382711,1
4271,20172755,1
4272,55183392,1
4273,740611403984293888,1
4274,875078994105962496,1
4275,1170795827750756353,1
4276,29495226,1
4277,1563290725,1
4278,88472621,1
4279,26477409,1
4280,906182801543876608,1
4281,157612142,1
4282,468824652,1
4283,255079743,1
4284,40111915,1
4285,522540529,1
4286,136749144,1
4287,479707493,1
4288,118791789,1
4289,17483588,1
4290,925466655572062211,1
4291,487575606,1
4292,280648507,1
4293,40204560,1
4294,239503537,1
4295,4839844535,1
4296,88457900,1
4297,395425171,1
4298,1216014270523150338,1
4299,189798919,1
4300,1224160957,1
4301,248794292,1
4302,703750190277267457,1
4303,920575644,1
4304,1178048194304974853,1
4305,582785523,1
4306,187615637,1
4307,1325258338297376769,1
4308,49620779,1
4309,21797384,1
4310,23805731,1
4311,2218488435,1
4312,22975713,1
4313,794204287,1
4314,1166436398909591553,1
4315,1337579520,1
4316,367342353,1
4317,4692862874,1
4318,19857852,1
4319,1006468951084236801,1
4320,4219618804,1
4321,2863483706,1
4322,1113758711321890817,1
4323,2873850081,1
4324,171798875,1
4325,60116753,1
4326,2766201100,1
4327,315456339,1
4328,577005633,1
4329,263272755,1
4330,222473431,1
4331,141353110,1
4332,15558351,1
4333,21867241,1
4334,1716573206,1
4335,864902450,1
4336,714686254277914624,1
4337,200019839,1
4338,8180622,1
4339,277371532,1
4340,1093597506922053637,1
4341,161627628,1
4342,879367503591428096,1
4343,455254990,1
4344,114764602,1
4345,844886875,1
4346,2531594981,1
4347,1209219734,1
4348,123911950,1
4349,3388836621,1
4350,20099286,1
4351,2889231304,1
4352,35244668,1
4353,305075127,1
4354,1882201394,1
4355,3865114815,1
4356,1219826976,1
4357,1043601091,1
4358,489250635,1
4359,396651858,1
4360,972803737,1
4361,3001248286,1
4362,499984159,1
4363,320734889,1
4364,19872631,1
4365,20903043,1
4366,822486950619791364,1
4367,1092788253667790849,1
4368,222739049,1
4369,31888204,1
4370,53097422,1
4371,20299811,1
4372,211166462,1
4373,1728773215,1
4374,2341888226,1
4375,1080997948383784960,1
4376,924530346514964480,1
4377,57349226,1
4378,2961848111,1
4379,1261644709,1
4380,321423458,1
4381,996762614746222594,1
4382,128953388,1
4383,49598131,1
4384,3434619161,1
4385,166319243,1
4386,113964642,1
4387,460022561,1
4388,2463203549,1
4389,155238346,1
4390,351699695,1
4391,289242040,1
4392,628098940,1
4393,1629459631,1
4394,906465940933672960,1
4395,10384342,1
4396,37889243,1
4397,79854261,1
4398,3921237797,1
4399,1539373825,1
4400,223783476,1
4401,19615565,1
4402,2785152267,1
4403,984611521,1
4404,942326574,1
4405,577089569,1
4406,26568504,1
4407,747368390218629120,1
4408,545317032,1
4409,79190989,1
4410,1326345576,1
4411,19444327,1
4412,240368857,1
4413,1017523021777719296,1
4414,233979279,1
4415,277977270,1
4416,850257134449082370,1
4417,2255200809,1
4418,9245782,1
4419,244008502,1
4420,1167166513,1
4421,313991389,1
4422,23484075,1
4423,90201338,1
4424,552963728,1
4425,815679365942022145,1
4426,20049513,1
4427,725797434,1
4428,365707869,1
4429,20160833,1
4430,119491874,1
4431,135915248,1
4432,1692072355,1
4433,501642535,1
4434,106405231,1
4435,63133596,1
4436,1085547910958366722,1
4437,1230005503,1
4438,16805080,1
4439,19503350,1
4440,827168378691297284,1
4441,472488968,1
4442,1242765781332525061,1
4443,348569132,1
4444,20166501,1
4445,92968340,1
4446,2715876563,1
4447,491383712,1
4448,87673179,1
4449,94253366,1
4450,434868228,1
4451,20476217,1
4452,3063896759,1
4453,855158468,1
4454,19420925,1
4455,1241482941924020224,1
4456,20856058,1
4457,1147797362372468736,1
4458,3343158677,1
4459,18060974,1
4460,636260518,1
4461,151149959,1
4462,241509433,1
4463,608696652,1
4464,320795651,1
4465,534635998,1
4466,3018862636,1
4467,3675886336,1
4468,780262,1
4469,23669365,1
4470,120390130,1
4471,1934746202,1
4472,2769468628,1
4473,21215054,1
4474,3926640501,1
4475,267379892,1
4476,204393761,1
4477,2704064250,1
4478,20250377,1
4479,2576793399,1
4480,260648925,1
4481,1024802777673949185,1
4482,16709476,1
4483,303346431,1
4484,524448718,1
4485,45556777,1
4486,36401620,1
4487,142076186,1
4488,1632603001,1
4489,19975874,1
4490,404647014,1
4491,2938548539,1
4492,34057843,1
4493,21757028,1
4494,20099270,1
4495,629296943,1
4496,196946831,1
4497,1043592063567171585,1
4498,607530729,1
4499,25160159,1
4500,22687713,1
4501,280656596,1
4502,2799747412,1
4503,86324295,1
4504,753050257,1
4505,2893622063,1
4506,468365609,1
4507,43708339,1
4508,1125349933,1
4509,942592369249177601,1
4510,438350654,1
4511,746768196112375808,1
4512,940595196,1
4513,108571283,1
4514,3246157149,1
4515,1115537534,1
4516,57923270,1
4517,468485699,1
4518,1249399333,1
4519,932333466733211648,1
4520,41435416,1
4521,724214875996696576,1
4522,2559245581,1
4523,41198423,1
4524,2459505151,1
4525,78326684,1
4526,239410467,1
4527,550326475,1
4528,2874474509,1
4529,59140560,1
4530,637068308,1
4531,2968352421,1
4532,117192287,1
4533,202594639,1
4534,167408613,1
4535,21215297,1
4536,2963894531,1
4537,87491176,1
4538,25146238,1
4539,733371448853692416,1
4540,880402168154664960,1
4541,1190935668,1
4542,397904079,1
4543,87295939,1
4544,17229089,1
4545,1232370599521128450,1
4546,160269387,1
4547,838431480258908162,1
4548,168235884,1
4549,1115293627,1
4550,403685253,1
4551,4862101065,1
4552,813305,1
4553,2966675076,1
4554,58833244,1
4555,182494618,1
4556,895570464,1
4557,2479386969,1
4558,269934775,1
4559,830403355,1
4560,2573601799,1
4561,381169219,1
4562,817781902019010562,1
4563,1068542180208386049,1
4564,138355144,1
4565,66112639,1
4566,245306199,1
4567,1253077700144701440,1
4568,798150584,1
4569,275922651,1
4570,139326214,1
4571,92017095,1
4572,1184449357434773505,1
4573,611129079,1
4574,194123154,1
4575,1049345068098867206,1
4576,18836674,1
4577,22346353,1
4578,63764134,1
4579,20283067,1
4580,36397640,1
4581,57425922,1
4582,948978698,1
4583,95298432,1
4584,64638387,1
4585,324840843,1
4586,1053287507415175168,1
4587,19863380,1
4588,745125764,1
4589,245544184,1
4590,27103026,1
4591,364160967,1
4592,25542058,1
4593,376861031,1
4594,2890239722,1
4595,3872653996,1
4596,387897959,1
4597,143001358,1
4598,934142386044854272,1
4599,2318700124,1
4600,413431501,1
4601,237212067,1
4602,60267276,1
4603,70646809,1
4604,14657698,1
4605,28337090,1
4606,2356767429,1
4607,407305175,1
4608,37693907,1
4609,776490739727495168,1
4610,928676131728969728,1
4611,348542294,1
4612,198980615,1
4613,245526228,1
4614,427643024,1
4615,171199694,1
4616,297035044,1
4617,27959939,1
4618,575788449,1
4619,20310152,1
4620,1190453118,1
4621,17038839,1
4622,1131635957273374722,1
4623,2909843595,1
4624,271414303,1
4625,41839007,1
4626,378790200,1
4627,1843903214,1
4628,1927987896,1
4629,214650690,1
4630,256944300,1
4631,224823687,1
4632,2999815257,1
4633,2978336621,1
4634,51200433,1
4635,196285961,1
4636,276099846,1
4637,17484283,1
4638,213061253,1
4639,53471331,1
4640,477635571,1
4641,41652124,1
4642,962607766513778688,1
4643,7951782,1
4644,65338523,1
4645,3676334423,1
4646,973569394851885057,1
4647,21554298,1
4648,71907658,1
4649,325448152,1
4650,164678433,1
4651,43421595,1
4652,947438512604962817,1
4653,1194293605235605504,1
4654,775742382272815104,1
4655,1252940702,1
4656,24677546,1
4657,113627847,1
4658,1518937861,1
4659,84692622,1
4660,86936499,1
4661,225579230,1
4662,966375396,1
4663,66180183,1
4664,221123749,1
4665,1460350147,1
4666,26573923,1
4667,317810648,1
4668,206270905,1
4669,45540243,1
4670,13429622,1
4671,355467110,1
4672,1058677113379794944,1
4673,233323910,1
4674,86380713,1
4675,56500044,1
4676,8155242,1
4677,2686562186,1
4678,192380324,1
4679,1019851910885662720,1
4680,23290359,1
4681,397216205,1
4682,75935406,1
4683,6315102,1
4684,823075388,1
4685,1047063500122673152,1
4686,1270634354180526080,1
4687,244972988,1
4688,297974692,1
4689,838469156,1
4690,215335439,1
4691,21220748,1
4692,370361201,1
4693,37689421,1
4694,11297362,1
4695,1606250954,1
4696,784660638975029248,1
4697,753605106864709633,1
4698,109664513,1
4699,415761556,1
4700,312338644,1
4701,1095016854517628929,1
4702,315986149,1
4703,122475361,1
4704,79938095,1
4705,129178307,1
4706,20081619,1
4707,103620582,1
4708,303744551,1
4709,939860030,1
4710,854249832,1
4711,47274483,1
4712,105573706,1
4713,47154173,1
4714,31185393,1
4715,994925431441756160,1
4716,1101869630,1
4717,360731274,1
4718,14783188,1
4719,86188282,1
4720,140336836,1
4721,238368554,1
4722,411684149,1
4723,40535451,1
4724,1017902935,1
4725,21435091,1
4726,3887675495,1
4727,1878762390,1
4728,122319477,1
4729,144817496,1
4730,241271793,1
4731,22958934,1
4732,216840770,1
4733,289001975,1
4734,87024893,1
4735,386181762,1
4736,62819200,1
4737,17688670,1
4738,1309060027370569729,1
4739,38841497,1
4740,775116472075026432,1
4741,4846906385,1
4742,22756830,1
4743,235682401,1
4744,1289141893939507201,1
4745,53213191,1
4746,1363780801,1
4747,174615158,1
4748,25884394,1
4749,930234805643440128,1
4750,1574755375,1
4751,63325450,1
4752,1299982885731086336,1
4753,4808440455,1
4754,595881878,1
4755,97248075,1
4756,203647465,1
4757,1699871940,1
4758,20143078,1
4759,20359998,1
4760,4418072842,1
4761,181709495,1
4762,19906312,1
4763,3948299669,1
4764,489315806,1
4765,14958248,1
4766,131872655,1
4767,2735503706,1
4768,833846466,1
4769,1178778885716152320,1
4770,826178775675187207,1
4771,14264506,1
4772,319059803,1
4773,257108913,1
4774,88923348,1
4775,607716438,1
4776,961905439033131009,1
4777,533262082,1
4778,1312085739748851718,1
4779,392054645,1
4780,1235997203853869057,1
4781,2955369015,1
4782,5650042,1
4783,915592002867253248,1
4784,2726270764,1
4785,190162661,1
4786,30734337,1
4787,2374234352,1
4788,17767003,1
4789,844237849885102080,1
4790,319259838,1
4791,31204061,1
4792,59135577,1
4793,1117479123599929344,1
4794,114918187,1
4795,121547926,1
4796,28604508,1
4797,351907281,1
4798,48274102,1
4799,1051891848564940801,1
4800,421217950,1
4801,884790532425342976,1
4802,888327709,1
4803,116027100,1
4804,20727006,1
4805,3086944948,1
4806,90159052,1
4807,435806494,1
4808,1030136971,1
4809,43402157,1
4810,327947142,1
4811,2256799859,1
4812,1070030507843485696,1
4813,1307981116771651584,1
4814,171854228,1
4815,952203802911870976,1
4816,72836449,1
4817,16728847,1
4818,3074484819,1
4819,20247249,1
4820,2942921889,1
4821,801852,1
4822,2584459683,1
4823,41135284,1
4824,525403063,1
4825,932904779919052800,1
4826,319160276,1
4827,731470141691662336,1
4828,238106291,1
4829,371423620,1
4830,49352413,1
4831,19595840,1
4832,850954592,1
4833,464585088,1
4834,842496970816212993,1
4835,1634024886,1
4836,1072128330,1
4837,417157025,1
4838,1463255154,1
4839,2198591694,1
4840,3077174011,1
4841,1298919786676727808,1
4842,277480580,1
4843,893566110,1
4844,28406946,1
4845,1048515191145676801,1
4846,154242263,1
4847,783621130317881344,1
4848,2435443049,1
4849,419877330,1
4850,115713180,1
4851,484956602,1
4852,550072993,1
4853,1453259718,1
4854,409304011,1
4855,22960800,1
4856,274674313,1
4857,1643320628,1
4858,3344236827,1
4859,131241927,1
4860,16030069,1
4861,303126707,1
4862,253745188,1
4863,482154532,1
4864,389044559,1
4865,1064937697,1
4866,319747236,1
4867,32825445,1
4868,4017697637,1
4869,2182803158,1
4870,900349516213350400,1
4871,39949451,1
4872,968784778001633280,1
4873,3074649886,1
4874,272348818,1
4875,94770841,1
4876,308667852,1
4877,2888646623,1
4878,265979853,1
4879,61697024,1
4880,1038701159148605440,1
4881,163929618,1
4882,27475451,1
4883,278089220,1
4884,1075407439095349248,1
4885,213395924,1
4886,20009239,1
4887,303112111,1
4888,303814277,1
4889,868214381020053504,1
4890,134075822,1
4891,254950896,1
4892,61066620,1
4893,307004396,1
4894,1074038468626575360,1
4895,572749598,1
4896,794887818216607745,1
4897,902306634,1
4898,952965864994824194,1
4899,98681171,1
4900,330028135,1
4901,385055003,1
4902,3228511221,1
4903,826875103,1
4904,957033148893814784,1
4905,559811875,1
4906,20845021,1
4907,205003375,1
4908,418210853,1
4909,68130426,1
4910,794047,1
4911,780255306,1
4912,1113986222,1
4913,2293513203,1
4914,1013060630,1
4915,2641613291,1
4916,630057577,1
4917,980939084,1
4918,450987473,1
4919,531280616,1
4920,26318765,1
4921,19106551,1
4922,423323248,1
4923,747021632414322688,1
4924,352188766,1
4925,516752773,1
4926,26345055,1
4927,207088422,1
4928,53012413,1
4929,36398356,1
4930,996108238948007939,1
4931,863527219,1
4932,172328207,1
4933,19497653,1
4934,600837379,1
4935,799552885491122176,1
4936,51356238,1
4937,1061208577220755457,1
4938,42627364,1
4939,2700274245,1
4940,30190428,1
4941,392735447,1
4942,233577918,1
4943,161619883,1
4944,761803316,1
4945,1029259998541611008,1
4946,412520081,1
4947,465014033,1
4948,1228699273883242504,1
4949,75853848,1
4950,308695246,1
4951,3689066235,1
4952,26207491,1
4953,130129324,1
4954,344898422,1
4955,194335495,1
4956,3180248421,1
4957,320374428,1
4958,37465855,1
4959,1036620497444917248,1
4960,634861752,1
4961,49596991,1
4962,263682012,1
4963,454239317,1
4964,1101856230786637824,1
4965,253513020,1
4966,83874391,1
4967,3234046670,1
4968,4241463759,1
4969,20359754,1
4970,86825852,1
4971,4572365572,1
4972,402093239,1
4973,934104649656864768,1
4974,844297722,1
4975,245293471,1
4976,15242602,1
4977,2814219179,1
4978,776882712128946176,1
4979,22182205,1
4980,3408736103,1
4981,244866204,1
4982,86696931,1
4983,2895222304,1
4984,297532866,1
4985,86727571,1
4986,166093989,1
4987,1258084597,1
4988,185379039,1
4989,2178418250,1
4990,909858206192717825,1
4991,1364142584,1
4992,102346058,1
4993,87041067,1
4994,20146683,1
4995,1143151382,1
4996,1229329401487253504,1
4997,29990814,1
4998,204403323,1
4999,321547295,1
5000,22211484,1
5001,21246822,1
5002,447265314,1
5003,271083843,1
5004,2744893244,1
5005,46707694,1
5006,879042958263234561,1
5007,2813746248,1
5008,43308110,1
5009,2635021569,1
5010,225578662,1
5011,213581272,1
5012,39959092,1
5013,411785969,1
5014,19064471,1
5015,2389133500,1
5016,2949936573,1
5017,25672185,1
5018,2147514605,1
5019,715114394485723140,1
5020,35704557,1
5021,720620850,1
5022,62902792,1
5023,2148062295,1
5024,24183682,1
5025,1317809257287458816,1
5026,66185628,1
5027,398640860,1
5028,135306397,1
5029,191118343,1
5030,629391527,1
5031,77443268,1
5032,86701174,1
5033,14919047,1
5034,789911318128103424,1
5035,27485115,1
5036,28773535,1
5037,351912210,1
5038,3077713455,1
5039,21600715,1
5040,3259876737,1
5041,2194444178,1
5042,2331738220,1
5043,408455799,1
5044,2650137370,1
5045,108399109,1
5046,393432277,1
5047,2256275092,1
5048,2168072692,1
5049,1911410630,1
5050,790181180645732352,1
5051,17017754,1
5052,970355949197320192,1
5053,25339954,1
5054,283414258,1
5055,2249746481,1
5056,261113993,1
5057,3252515585,1
5058,840471055,1
5059,20945562,1
5060,2988264603,1
5061,1856962932,1
5062,354459548,1
5063,1130152829476327425,1
5064,2764222534,1
5065,2869436512,1
5066,248561709,1
5067,390039886,1
5068,633661337,1
5069,721089455067684864,1
5070,475155643,1
5071,173383146,1
5072,864454979033210880,1
5073,125331457,1
5074,1098227649569263616,1
5075,21287152,1
5076,261433724,1
5077,2188669758,1
5078,2349774241,1
5079,2433441498,1
5080,378174628,1
5081,558589982,1
5082,988764778024919041,1
5083,23813442,1
5084,222779550,1
5085,1227591113655058434,1
5086,238770005,1
5087,1020675776,1
5088,398054082,1
5089,1292760397007802368,1
5090,872794750218379264,1
5091,1111065985,1
5092,3630352514,1
5093,280926476,1
5094,154650516,1
5095,771214928434737152,1
5096,551787952,1
5097,1167582110556798976,1
5098,2644226288,1
5099,21041538,1
5100,87846129,1
5101,401302010,1
5102,38678204,1
5103,417858510,1
5104,303988208,1
5105,22936148,1
5106,733463760,1
5107,1047527701823856640,1
5108,1340637844134621184,1
5109,183714492,1
5110,936007399755976704,1
5111,2371953792,1
5112,253052239,1
5113,246503300,1
5114,316049627,1
5115,21862759,1
5116,334104469,1
5117,603539627,1
5118,250619872,1
5119,23426889,1
5120,807973143759429633,1
5121,26757603,1
5122,604948886,1
5123,453776168,1
5124,561421597,1
5125,2579150222,1
5126,503394473,1
5127,1090969582712643584,1
5128,60911280,1
5129,20457975,1
5130,41637714,1
5131,573054441,1
5132,579220642,1
5133,2283457303,1
5134,189904449,1
5135,2746258815,1
5136,1344280312998719489,1
5137,79585722,1
5138,256103925,1
5139,120150641,1
5140,80386150,1
5141,375191184,1
5142,624872213,1
5143,1041360386988105729,1
5144,2353225063,1
5145,303895045,1
5146,186574471,1
5147,80299001,1
5148,1145795721469267968,1
5149,1303784453060337664,1
5150,86793300,1
5151,110705570,1
5152,845369512757211140,1
5153,487888263,1
5154,303361325,1
5155,1300337564,1
5156,2274513024,1
5157,904734816087805952,1
5158,1142119010,1
5159,594531682,1
5160,2369974535,1
5161,1167405731592757249,1
5162,2513452078,1
5163,1205435242057781248,1
5164,7133452,1
5165,619481064,1
5166,542681143,1
5167,131832005,1
5168,79157107,1
5169,96404270,1
5170,2169143610,1
5171,621098162,1
5172,1134629134414557184,1
5173,1068486680695447553,1
5174,442957954,1
5175,520729450,1
5176,318039451,1
5177,475140292,1
5178,933260784,1
5179,1267753760,1
5180,28542655,1
5181,1049293883111297029,1
5182,176752444,1
5183,233903440,1
5184,2243342925,1
5185,3184433014,1
5186,2194879604,1
5187,906230513962274816,1
5188,91208090,1
5189,140418418,1
5190,212647979,1
5191,148830421,1
5192,1220809492272762882,1
5193,4874842373,1
5194,605669369,1
5195,19829791,1
5196,1948114573,1
5197,1667233698,1
5198,173654282,1
5199,20509767,1
5200,3199261696,1
5201,868374225920421888,1
5202,27051961,1
5203,14265986,1
5204,17780499,1
5205,18072090,1
5206,269847658,1
5207,22312532,1
5208,134964412,1
5209,30421609,1
5210,1204940502434504704,1
5211,218631749,1
5212,570238967,1
5213,721622699785789440,1
5214,908401415273533440,1
5215,426786021,1
5216,385483259,1
5217,750419062421909504,1
5218,1495261513,1
5219,731526899852320773,1
5220,114180567,1
5221,55535802,1
5222,289263602,1
5223,1282912963444318208,1
5224,307330332,1
5225,132505165,1
5226,559782547,1
5227,95243349,1
5228,498969755,1
5229,473869690,1
5230,55657657,1
5231,1114171,1
5232,304095488,1
5233,481557122,1
5234,553402763,1
5235,727594497618653188,1
5236,154175534,1
5237,3152286969,1
5238,586062716,1
5239,205250970,1
5240,903259006365560833,1
5241,1526176560,1
5242,2388122903,1
5243,438536701,1
5244,1305657932,1
5245,20235943,1
5246,179659254,1
5247,236047531,1
5248,2720022578,1
5249,1261248310049939457,1
5250,993058639,1
5251,39708540,1
5252,330903148,1
5253,18478383,1
5254,456596847,1
5255,893524359066918912,1
5256,75279139,1
5257,105423928,1
5258,2419244094,1
5259,115830870,1
5260,4776176841,1
5261,368899401,1
5262,19508952,1
5263,51755571,1
5264,250919916,1
5265,1377684594,1
5266,903661790176923650,1
5267,773505232605212672,1
5268,366427511,1
5269,987309794611597313,1
5270,24893556,1
5271,1266480016071831553,1
5272,20517551,1
5273,19419769,1
5274,143427625,1
5275,609771539,1
5276,1103648629594771457,1
5277,15058637,1
5278,62463475,1
5279,376723047,1
5280,2828113420,1
5281,19881683,1
5282,308717067,1
5283,761670452,1
5284,2881734166,1
5285,154135647,1
5286,249746283,1
5287,2183789229,1
5288,1264964077,1
5289,28391296,1
5290,258836514,1
5291,1078773366994145280,1
5292,1591133520,1
5293,394075074,1
5294,1290989145012215809,1
5295,19458910,1
5296,2949915531,1
5297,32395354,1
5298,847033640,1
5299,632169988,1
5300,225943526,1
5301,18878391,1
5302,949710275313328133,1
5303,34780540,1
5304,20592938,1
5305,2353783550,1
5306,924801292358377474,1
5307,405463361,1
5308,1043583060594384896,1
5309,1485693661,1
5310,322584476,1
5311,518892546,1
5312,851533627,1
5313,314046950,1
5314,526923394,1
5315,1186205058905657344,1
5316,1039125294370697216,1
5317,1565795808,1
5318,997956336,1
5319,27433495,1
5320,1018120548092645376,1
5321,1160127479295676418,1
5322,336498849,1
5323,1207598986372304896,1
5324,525724222,1
5325,35435181,1
5326,831188761434259457,1
5327,1007741805440446470,1
5328,1660339098,1
5329,611200124,1
5330,349103771,1
5331,858064392339980289,1
5332,829005828271329281,1
5333,1176586769552302080,1
5334,65022957,1
5335,121101328,1
5336,46974054,1
5337,3093472623,1
5338,1066206859,1
5339,628215537,1
5340,240720119,1
5341,291891198,1
5342,92714040,1
5343,870727519,1
5344,16988689,1
5345,277403881,1
5346,749179478,1
5347,1264999347630022657,1
5348,19855039,1
5349,21015534,1
5350,340138664,1
5351,919599812,1
5352,1650408007,1
5353,717990412653367296,1
5354,3930460467,1
5355,204900238,1
5356,1005172813,1
5357,2851874555,1
5358,2921938293,1
5359,1477479463,1
5360,2355084311,1
5361,19595630,1
5362,291654599,1
5363,599391930,1
5364,58175376,1
5365,315873271,1
5366,389660372,1
5367,82071003,1
5368,118074750,1
5369,1179839667765698560,1
5370,1921351764,1
5371,1018503429814149121,1
5372,374212351,1
5373,2833734394,1
5374,22690916,1
5375,885536746951385089,1
5376,629077088,1
5377,389871611,1
5378,2616922276,1
5379,3298539382,1
5380,1478289410,1
5381,20815142,1
5382,184855641,1
5383,325769270,1
5384,1223014900081025025,1
5385,2511193311,1
5386,3342850973,1
5387,1706877972,1
5388,400369583,1
5389,88634829,1
5390,544276830,1
5391,2334573339,1
5392,366743981,1
5393,944155238,1
5394,1272873273479610368,1
5395,237721977,1
5396,2320785545,1
5397,265583955,1
5398,146799658,1
5399,1202320655468900352,1
5400,62098736,1
5401,124248897,1
5402,307408482,1
5403,1028400235,1
5404,22299145,1
5405,94833873,1
5406,418905606,1
5407,117220410,1
5408,20616680,1
5409,303294362,1
5410,1239970038,1
5411,423676808,1
5412,252436101,1
5413,766632656633290753,1
5414,75115695,1
5415,90708632,1
5416,705750249952944128,1
5417,211112126,1
5418,631221940,1
5419,813083942140215296,1
5420,4909231065,1
5421,54976480,1
5422,362023749,1
5423,74444946,1
5424,110520249,1
5425,914180166426951680,1
5426,4449474395,1
5427,1164942295483002880,1
5428,773995897252438016,1
5429,3704511,1
5430,433218805,1
5431,1377833707,1
5432,185237063,1
5433,2710934836,1
5434,190883549,1
5435,738762473667473408,1
5436,261649709,1
5437,2859786406,1
5438,803189987906822144,1
5439,2269577839,1
5440,1681065943,1
5441,61432959,1
5442,28086678,1
5443,103360889,1
5444,2165054552,1
5445,888307069291565057,1
5446,141566517,1
5447,212986071,1
5448,67004392,1
5449,51818054,1
5450,1217084911041073152,1
5451,433340647,1
5452,268349217,1
5453,1099574623,1
5454,759822300388601856,1
5455,4835930717,1
5456,160992642,1
5457,207990390,1
5458,1123514829841534979,1
5459,311632433,1
5460,340417620,1
5461,1086685187612856321,1
5462,4078421175,1
5463,27151453,1
5464,2420638455,1
5465,1003058344532246528,1
5466,102443468,1
5467,83633543,1
5468,312000770,1
5469,120169361,1
5470,4821575111,1
5471,187498912,1
5472,20182329,1
5473,20627036,1
5474,2312418546,1
5475,303729394,1
5476,483972535,1
5477,130609239,1
5478,159574584,1
5479,735257553421094915,1
5480,1124735787118014464,1
5481,1409576095,1
5482,797927846,1
5483,358311915,1
5484,208131884,1
5485,3400129774,1
5486,234418940,1
5487,96732182,1
5488,193900797,1
5489,631313660,1
5490,1156978308908802053,1
5491,593994583,1
5492,607078575,1
5493,439744820,1
5494,592651273,1
5495,458749625,1
5496,20858358,1
5497,1282733166,1
5498,824343957647884289,1
5499,615984626,1
5500,18739846,1
5501,443057292,1
5502,430248702,1
5503,1691400888,1
5504,411548500,1
5505,1144278726542278656,1
5506,429167362,1
5507,116250301,1
5508,167452599,1
5509,95038648,1
5510,64487183,1
5511,1199306402394705921,1
5512,77443314,1
5513,42253948,1
5514,256686394,1
5515,2799992567,1
5516,4896937725,1
5517,128643463,1
5518,710133408404512768,1
5519,1094307121619972101,1
5520,208604245,1
5521,383404370,1
5522,153097540,1
5523,735170337990529025,1
5524,20871653,1
5525,44609336,1
5526,1038752111398412288,1
5527,1301434682,1
5528,52367496,1
5529,139496131,1
5530,40942833,1
5531,156199843,1
5532,1267084578478587905,1
5533,433706662,1
5534,493428529,1
5535,43855644,1
5536,1250693400413777920,1
5537,96001283,1
5538,71796627,1
5539,19810207,1
5540,335510791,1
5541,272119225,1
5542,39793477,1
5543,1190974448,1
5544,352621091,1
5545,972358981,1
5546,1108042242822995969,1
5547,1523586205,1
5548,906304537375494150,1
5549,252673702,1
5550,968631815798968321,1
5551,2297135051,1
5552,181233921,1
5553,598566853,1
5554,65113045,1
5555,82010756,1
5556,254688704,1
5557,257454796,1
5558,747780686,1
5559,200451585,1
5560,1089222144792375296,1
5561,1344033025080897536,1
5562,201702549,1
5563,4406789477,1
5564,26738837,1
5565,509236553,1
5566,422304119,1
5567,92582160,1
5568,473215825,1
5569,29563341,1
5570,20732895,1
5571,1423958786,1
5572,95904642,1
5573,1111103332565872640,1
5574,1514719105,1
5575,41408540,1
5576,1049018250,1
5577,2875189220,1
5578,38685234,1
5579,21413276,1
5580,3058777029,1
5581,773954351283011584,1
5582,2644627643,1
5583,22956878,1
5584,359339958,1
5585,340813964,1
5586,84638161,1
5587,577384344,1
5588,3073341285,1
5589,174798090,1
5590,374012953,1
5591,369103850,1
5592,22171807,1
5593,1270470634313789443,1
5594,1386504542,1
5595,47709322,1
5596,29018406,1
5597,587854200,1
5598,1856797374,1
5599,398605950,1
5600,181490452,1
5601,139365120,1
5602,112008177,1
5603,148483830,1
5604,270409890,1
5605,118806627,1
5606,60693485,1
5607,197355166,1
5608,1151893813427879936,1
5609,817984524,1
5610,423304509,1
5611,1277708113,1
5612,1215047654876512257,1
5613,2752391181,1
5614,2485065296,1
5615,4786830539,1
5616,169768413,1
5617,2356840584,1
5618,55284565,1
5619,18772331,1
5620,582087466,1
5621,279494661,1
5622,180026716,1
5623,95665870,1
5624,979421777389596672,1
5625,492554514,1
5626,55529382,1
5627,735152137,1
5628,37698501,1
5629,485817388,1
5630,1365535422,1
5631,447989327,1
5632,2219734958,1
5633,2541998164,1
5634,45831055,1
5635,319603067,1
5636,122314390,1
5637,1117491871,1
5638,504301395,1
5639,1491126728,1
5640,1174366026693316608,1
5641,242528979,1
5642,2182855216,1
5643,1527796063,1
5644,988868321205514240,1
5645,235716863,1
5646,126464115,1
5647,56822871,1
5648,455699293,1
5649,292172195,1
5650,2875611380,1
5651,2966582271,1
5652,722806424296898560,1
5653,2979891501,1
5654,247304584,1
5655,570625633,1
5656,17074051,1
5657,1140437671,1
5658,127865754,1
5659,1702573890,1
5660,219984870,1
5661,304128869,1
5662,2542985021,1
5663,69359883,1
5664,331747993,1
5665,141284360,1
5666,486811778,1
5667,3740870055,1
5668,38238843,1
5669,962121927614779392,1
5670,1190368458246172672,1
5671,20662106,1
5672,12530742,1
5673,1190329894301044736,1
5674,17519978,1
5675,351537573,1
5676,90627994,1
5677,2339395214,1
5678,79525775,1
5679,392171839,1
5680,924541717944131584,1
5681,3874854869,1
5682,773612307792420864,1
5683,293691043,1
5684,1328804700561559555,1
5685,31686607,1
5686,228718828,1
5687,20729889,1
5688,980349936591167488,1
5689,817375422,1
5690,3019921287,1
5691,465030360,1
5692,476668040,1
5693,713301930,1
5694,1332097234821844993,1
5695,2260032688,1
5696,453488067,1
5697,50286400,1
5698,338973015,1
5699,358212617,1
5700,236082865,1
5701,548617998,1
5702,861984824,1
5703,85778621,1
5704,2598986649,1
5705,20881058,1
5706,90669929,1
5707,189452811,1
5708,101866367,1
5709,91679063,1
5710,338676932,1
5711,635575403,1
5712,3370533971,1
5713,133399009,1
5714,1070775064457564160,1
5715,150955515,1
5716,497335453,1
5717,543545136,1
5718,12073222,1
5719,19140187,1
5720,1128600578500722688,1
5721,461828306,1
5722,255997390,1
5723,708698185,1
5724,2643779896,1
5725,2741082743,1
5726,61829120,1
5727,1037088836306849793,1
5728,1139451307528544256,1
5729,22292802,1
5730,2903817783,1
5731,839700974,1
5732,21743979,1
5733,279972830,1
5734,20932734,1
5735,212937287,1
5736,275506342,1
5737,3946908676,1
5738,777974358711173120,1
5739,416762363,1
5740,1225124589702930432,1
5741,241674687,1
5742,802373725,1
5743,755780517337890816,1
5744,45205373,1
5745,282063152,1
5746,2584602920,1
5747,883046037912506369,1
5748,139700601,1
5749,1713629215,1
5750,25303558,1
5751,357645163,1
5752,1905212701,1
5753,91431203,1
5754,2318068491,1
5755,1064428273,1
5756,49612086,1
5757,2978979730,1
5758,23739836,1
5759,20271076,1
5760,4701695408,1
5761,14448632,1
5762,41407235,1
5763,908649108151394304,1
5764,2651531056,1
5765,833691378278395904,1
5766,42091043,1
5767,1122629898,1
5768,1040640705054625793,1
5769,829462357,1
5770,614967796,1
5771,788331019246198784,1
5772,97675014,1
5773,1040205413088747520,1
5774,158383015,1
5775,2964737182,1
5776,702957741,1
5777,4026790325,1
5778,19335425,1
5779,164062915,1
5780,35541846,1
5781,459716234,1
5782,93838278,1
5783,2862437554,1
5784,3093083542,1
5785,293638896,1
5786,21851017,1
5787,1247618760590180354,1
5788,19419181,1
5789,223341989,1
5790,730390377195253760,1
5791,4249833442,1
5792,277456352,1
5793,312558883,1
5794,46194055,1
5795,18134567,1
5796,1601446747,1
5797,26301626,1
5798,1032280122274078720,1
5799,1075671542787399680,1
5800,211598236,1
5801,1137135674,1
5802,20470929,1
5803,1491527204,1
5804,3263263924,1
5805,599637333,1
5806,112523098,1
5807,23233291,1
5808,1055812085270102018,1
5809,65335882,1
5810,20444302,1
5811,2843020911,1
5812,65139541,1
5813,400748139,1
5814,109736913,1
5815,246053391,1
5816,908385244251914240,1
5817,1231184517983014912,1
5818,2190103008,1
5819,20675821,1
5820,2566069790,1
5821,716209449774489600,1
5822,881859581084880896,1
5823,2968451458,1
5824,187545699,1
5825,2276464975,1
5826,232902940,1
5827,579233854,1
5828,864047499174137857,1
5829,720712512,1
5830,201776856,1
5831,557993206,1
5832,265484455,1
5833,1943978378,1
5834,62316950,1
5835,304080670,1
5836,22344446,1
5837,51861700,1
5838,2349446674,1
5839,80336626,1
5840,1430881255,1
5841,40462524,1
5842,365426861,1
5843,278219771,1
5844,487424291,1
5845,34992153,1
5846,146370941,1
5847,40668082,1
5848,1092736308148125696,1
5849,147124559,1
5850,221831502,1
5851,766456892,1
5852,20357046,1
5853,243694590,1
5854,1094411030720102400,1
5855,944863222653444096,1
5856,16737312,1
5857,1248982378611183616,1
5858,799051693,1
5859,502090237,1
5860,1237104961902837762,1
5861,271601849,1
5862,82855688,1
5863,49939598,1
5864,387605330,1
5865,816659466624126976,1
5866,15699801,1
5867,20604622,1
5868,2617530856,1
5869,3343204337,1
5870,3153964504,1
5871,935211699669553155,1
5872,16868587,1
5873,20208030,1
5874,29264110,1
5875,1032273035175317504,1
5876,19902372,1
5877,2311755745,1
5878,1017429314449616898,1
5879,19457471,1
5880,466539600,1
5881,4881314008,1
5882,1113368618107113474,1
5883,512305137,1
5884,1629848196,1
5885,254667862,1
5886,1147138065749762049,1
5887,2478948289,1
5888,144559273,1
5889,2581989070,1
5890,1059401645681991680,1
5891,272393566,1
5892,534525854,1
5893,271033343,1
5894,287334889,1
5895,72557922,1
5896,214280159,1
5897,108654018,1
5898,736395487,1
5899,20511074,1
5900,21660303,1
5901,1183407882,1
5902,797410384571408384,1
5903,21082036,1
5904,20479332,1
5905,949949952,1
5906,487065229,1
5907,452927895,1
5908,818911317549518849,1
5909,3075290668,1
5910,3125900332,1
5911,231426280,1
5912,19912751,1
5913,1135608774788558853,1
5914,277407651,1
5915,26778892,1
5916,29804909,1
5917,803348318654988288,1
5918,227309861,1
5919,352685974,1
5920,1063217734815817728,1
5921,29419255,1
5922,1219005437946802177,1
5923,1680451195,1
5924,262161097,1
5925,1316992208583741440,1
5926,24891124,1
5927,63837562,1
5928,349658158,1
5929,76577763,1
5930,439402666,1
5931,505017647,1
5932,2732839738,1
5933,157458365,1
5934,2329340523,1
5935,493169454,1
5936,20170781,1
5937,1289625922895831041,1
5938,38237389,1
5939,127867131,1
5940,2350536882,1
5941,2855782617,1
5942,347993917,1
5943,800914159,1
5944,249945931,1
5945,1023536525307469825,1
5946,90968261,1
5947,831013631663960066,1
5948,1063509935827443712,1
5949,20056943,1
5950,470383323,1
5951,1369818054,1
5952,134774253,1
5953,348418883,1
5954,823107941456814080,1
5955,598218310,1
5956,1202646138932862983,1
5957,757895073027747840,1
5958,18392064,1
5959,1472426354,1
5960,359233074,1
5961,752211601277804544,1
5962,149649607,1
5963,814942943131869184,1
5964,23133895,1
5965,278998480,1
5966,24514774,1
5967,1018098111963648001,1
5968,607181854,1
5969,72063177,1
5970,214480486,1
5971,149327841,1
5972,423611508,1
5973,361941448,1
5974,14855396,1
5975,308253517,1
5976,571144330,1
5977,175475048,1
5978,122006677,1
5979,1163856008701239297,1
5980,487044947,1
5981,728291547528241152,1
5982,30457874,1
5983,41201026,1
5984,21174263,1
5985,252140792,1
5986,802115087704199168,1
5987,376990655,1
5988,332335991,1
5989,2817432359,1
5990,364120785,1
5991,2199492208,1
5992,482898697,1
5993,1007345819664703489,1
5994,534295430,1
5995,257228952,1
5996,402291718,1
5997,161811554,1
5998,53276017,1
5999,2821449216,1
6000,4326753748,1
6001,740666304206639104,1
6002,29219376,1
6003,111021189,1
6004,2478249759,1
6005,1524765566,1
6006,20680319,1
6007,59129325,1
6008,17706181,1
6009,3380800828,1
6010,81841013,1
6011,588267354,1
6012,54180510,1
6013,238751894,1
6014,888436466132672512,1
6015,1252045892,1
6016,342742518,1
6017,316340343,1
6018,392947131,1
6019,616440352,1
6020,1141692708907565057,1
6021,2773267887,1
6022,1052532557101690880,1
6023,1071875064,1
6024,533955178,1
6025,2496760302,1
6026,377548832,1
6027,4032628797,1
6028,39267616,1
6029,215760955,1
6030,944664253,1
6031,482480515,1
6032,2273717059,1
6033,1187647292720975873,1
6034,293067697,1
6035,139438431,1
6036,1637640218,1
6037,1547392266,1
6038,1025708736613179392,1
6039,223936906,1
6040,20552864,1
6041,4263742516,1
6042,1229852519569985537,1
6043,821614044,1
6044,1404487298,1
6045,240587656,1
6046,773139780796284928,1
6047,1034047020187693056,1
6048,1228212942,1
6049,2197746085,1
6050,192172995,1
6051,606240391,1
6052,244639910,1
6053,741781631627894784,1
6054,148359723,1
6055,2563240064,1
6056,866952266,1
6057,2730286745,1
6058,1499562481,1
6059,21315943,1
6060,21050813,1
6061,78101384,1
6062,2615452954,1
6063,1037734014407372800,1
6064,1241886584,1
6065,897013400026460160,1
6066,913319462375444480,1
6067,897800636099690497,1
6068,21599612,1
6069,359932721,1
6070,140091780,1
6071,241556899,1
6072,53052338,1
6073,29558386,1
6074,1101591069593137152,1
6075,1312128288542863360,1
6076,532179986,1
6077,34681795,1
6078,7556272,1
6079,16649035,1
6080,27912601,1
6081,3919898897,1
6082,410256839,1
6083,231512404,1
6084,2981525638,1
6085,465650860,1
6086,2777611067,1
6087,73842181,1
6088,40016029,1
6089,35545351,1
6090,178740222,1
6091,90285342,1
6092,1256174261611438084,1
6093,3401163586,1
6094,391477925,1
6095,188712323,1
6096,977045167,1
6097,1339812570,1
6098,703933125756321792,1
6099,494945788,1
6100,275653235,1
6101,903398281681805312,1
6102,58402208,1
6103,1701459859,1
6104,52861594,1
6105,1004881831,1
6106,51274960,1
6107,23400622,1
6108,122474432,1
6109,227957505,1
6110,1278730925141000192,1
6111,19526266,1
6112,14169484,1
6113,3017969518,1
6114,156039857,1
6115,436983280,1
6116,77135269,1
6117,2961009623,1
6118,267401515,1
6119,2171721649,1
6120,405846182,1
6121,628193374,1
6122,974598267500679169,1
6123,1037245078270562304,1
6124,1056233745429266432,1
6125,57016390,1
6126,919911732,1
6127,1047517224918011904,1
6128,31443589,1
6129,761865184839434240,1
6130,220278252,1
6131,299645629,1
6132,1625215388,1
6133,498165573,1
6134,714238883,1
6135,590869687,1
6136,1099537171,1
6137,1668782028,1
6138,1126202842992263168,1
6139,30969646,1
6140,621027185,1
6141,886051897320386560,1
6142,4797587003,1
6143,3204192267,1
6144,242145169,1
6145,1221126769673166848,1
6146,1683598100,1
6147,855457044,1
6148,63704150,1
6149,405798786,1
6150,88887321,1
6151,444975021,1
6152,1903529294,1
6153,47517844,1
6154,422527991,1
6155,3346666139,1
6156,1311766826326650880,1
6157,522330834,1
6158,27916239,1
6159,302847335,1
6160,19236489,1
6161,31355099,1
6162,20347768,1
6163,1290226799717289984,1
6164,27505029,1
6165,978688658185379840,1
6166,1331372451553550339,1
6167,226341945,1
6168,16067318,1
6169,550933279,1
6170,41553900,1
6171,1032544664,1
6172,61545121,1
6173,96629424,1
6174,1015941002,1
6175,498948789,1
6176,136295895,1
6177,29711251,1
6178,62156152,1
6179,130133607,1
6180,1193174355775242241,1
6181,1300108050108420105,1
6182,165739556,1
6183,402701944,1
6184,336831085,1
6185,178495010,1
6186,1285596656,1
6187,19610710,1
6188,4788927497,1
6189,1206616924710408205,1
6190,747085074,1
6191,46618485,1
6192,3525006195,1
6193,632822164,1
6194,1881111373,1
6195,2765016375,1
6196,15157283,1
6197,39761772,1
6198,1075683679836536834,1
6199,3347469520,1
6200,451557961,1
6201,351251212,1
6202,62807157,1
6203,796421596122677248,1
6204,729662484,1
6205,15589496,1
6206,561020419,1
6207,42030920,1
6208,770707942240845824,1
6209,301429112,1
6210,20768577,1
6211,71506445,1
6212,707985754836832256,1
6213,235151843,1
6214,323131006,1
6215,17560544,1
6216,43529427,1
6217,473327487,1
6218,1681140072,1
6219,287623582,1
6220,47763745,1
6221,802355623,1
6222,2525862470,1
6223,1024789203060703232,1
6224,1112011711,1
6225,491710585,1
6226,889863127,1
6227,787387555,1
6228,1135602306068680704,1
6229,105474616,1
6230,1170051730089885699,1
6231,60084864,1
6232,275694443,1
6233,115082580,1
6234,43116152,1
6235,1244926505270075392,1
6236,20882467,1
6237,21910943,1
6238,397551714,1
6239,3396966136,1
6240,1214151359030677506,1
6241,450467146,1
6242,286685271,1
6243,354505946,1
6244,31705234,1
6245,124716833,1
6246,1256720497494102016,1
6247,1113176742125072386,1
6248,531452059,1
6249,1225785472338874368,1
6250,2623729635,1
6251,14494934,1
6252,777877736173875201,1
6253,168801938,1
6254,2528614228,1
6255,2564914431,1
6256,812141,1
6257,1248899600892788736,1
6258,90028557,1
6259,63995423,1
6260,20428450,1
6261,260190554,1
6262,1095995556,1
6263,3422784359,1
6264,802980966,1
6265,249133783,1
6266,400319675,1
6267,17959436,1
6268,138452294,1
6269,605865372,1
6270,30290261,1
6271,151433254,1
6272,1201187242729000960,1
6273,92334505,1
6274,377883260,1
6275,799565517321289728,1
6276,921855876960542720,1
6277,174246814,1
6278,220909929,1
6279,926737330123108354,1
6280,187257965,1
6281,1041258824147976192,1
6282,999225072245190656,1
6283,237230018,1
6284,2550272950,1
6285,49903439,1
6286,110473657,1
6287,2615124995,1
6288,189432462,1
6289,1047570339960696837,1
6290,2260183528,1
6291,807320704282689536,1
6292,448282164,1
6293,304614080,1
6294,165610508,1
6295,1436528370,1
6296,17923442,1
6297,235260708,1
6298,354900511,1
6299,166984374,1
6300,279207385,1
6301,102965538,1
6302,1259143244061040641,1
6303,1342414406,1
6304,1658472608,1
6305,72655429,1
6306,163963545,1
6307,2580864275,1
6308,2451547400,1
6309,1049432206945464320,1
6310,1880735078,1
6311,425082437,1
6312,60303014,1
6313,3151080421,1
6314,2450796689,1
6315,1007908456257474560,1
6316,904658695,1
6317,550858117,1
6318,20063701,1
6319,2160968467,1
6320,2231837458,1
6321,19529616,1
6322,307876231,1
6323,79192665,1
6324,527674271,1
6325,2328435405,1
6326,149522840,1
6327,97189352,1
6328,2717287577,1
6329,2577311619,1
6330,616547247,1
6331,404746409,1
6332,420451021,1
6333,1727898026,1
6334,100708517,1
6335,3047688264,1
6336,954551123150622721,1
6337,210619466,1
6338,2566534182,1
6339,34866563,1
6340,2559257193,1
6341,276966717,1
6342,2288803631,1
6343,755069220447199233,1
6344,1011210956305764353,1
6345,199779939,1
6346,314813240,1
6347,2600774517,1
6348,272981517,1
6349,22794426,1
6350,991028537686745094,1
6351,46632598,1
6352,2589524173,1
6353,76618840,1
6354,803465113,1
6355,48550408,1
6356,1239978307,1
6357,42659082,1
6358,794627498436923392,1
6359,535246329,1
6360,2182582799,1
6361,118990336,1
6362,24428277,1
6363,539173671,1
6364,22978010,1
6365,918542146873020421,1
6366,301453903,1
6367,464702261,1
6368,4821442095,1
6369,709207245,1
6370,32018387,1
6371,2834396296,1
6372,264797925,1
6373,23745733,1
6374,413471482,1
6375,1064584669113589760,1
6376,957715274383454208,1
6377,518656030,1
6378,60929110,1
6379,20588542,1
6380,35564848,1
6381,410937245,1
6382,703780778,1
6383,161258531,1
6384,89809158,1
6385,2876414470,1
6386,2773668629,1
6387,104484182,1
6388,287357187,1
6389,112380763,1
6390,298049049,1
6391,446997291,1
6392,27847155,1
6393,1142599537,1
6394,557610363,1
6395,1594199060,1
6396,2431435385,1
6397,140145321,1
6398,2374246986,1
6399,4901073946,1
6400,3021240905,1
6401,88937573,1
6402,909419462947999744,1
6403,56707471,1
6404,604825013,1
6405,298114693,1
6406,709959513,1
6407,1188793872,1
6408,31859511,1
6409,1382442763,1
6410,22148726,1
6411,522468113,1
6412,392035188,1
6413,21613357,1
6414,887146080,1
6415,487378786,1
6416,1158367034285133824,1
6417,2768860113,1
6418,26213844,1
6419,422155850,1
6420,48014955,1
6421,1012071392760795138,1
6422,36146086,1
6423,214497808,1
6424,2874997626,1
6425,919905662,1
6426,158707591,1
6427,1049203815390613505,1
6428,3266270408,1
6429,31084735,1
6430,403778734,1
6431,582076490,1
6432,584769256,1
6433,216143228,1
6434,847763415586279426,1
6435,2890939416,1
6436,4202636477,1
6437,804663458,1
6438,1860952663,1
6439,773639212641943552,1
6440,43895971,1
6441,933775096690495488,1
6442,509077649,1
6443,3750034637,1
6444,614846372,1
6445,1069964860082020353,1
6446,14919090,1
6447,708431972809502720,1
6448,483319055,1
6449,4898791289,1
6450,92941377,1
6451,303303739,1
6452,144108316,1
6453,21766008,1
6454,2335782531,1
6455,24202989,1
6456,2862896183,1
6457,234787922,1
6458,14437668,1
6459,417611045,1
6460,29612219,1
6461,889055105500282880,1
6462,43967313,1
6463,715101335440527361,1
6464,1016639848948649984,1
6465,599508760,1
6466,435013819,1
6467,2746123462,1
6468,78670654,1
6469,934195533241085952,1
6470,78313123,1
6471,53147070,1
6472,105200791,1
6473,201230178,1
6474,400069771,1
6475,1469227794,1
6476,470032173,1
6477,408574065,1
6478,228067711,1
6479,701756136035319808,1
6480,2330939790,1
6481,48362868,1
6482,323166573,1
6483,51199582,1
6484,20035892,1
6485,993743166,1
6486,25566194,1
6487,6271552,1
6488,91081195,1
6489,146210292,1
6490,459646978,1
6491,1053946014531547136,1
6492,2811558498,1
6493,2987111422,1
6494,81080878,1
6495,1650268357,1
6496,21295478,1
6497,546695423,1
6498,105864897,1
6499,1280065824582238210,1
6500,202724286,1
6501,2993547971,1
6502,4353614303,1
6503,142325712,1
6504,19976181,1
6505,304487679,1
6506,58178063,1
6507,248657978,1
6508,2279484921,1
6509,26048220,1
6510,285318765,1
6511,373553617,1
6512,1135197296516304896,1
6513,1245079553317449729,1
6514,143958614,1
6515,423893597,1
6516,184508173,1
6517,19996802,1
6518,30496948,1
6519,19933649,1
6520,3100114760,1
6521,245528586,1
6522,3394432966,1
6523,245407084,1
6524,550353864,1
6525,2574309731,1
6526,1058396743467982848,1
6527,357154441,1
6528,3325362737,1
6529,475315247,1
6530,809808309964460032,1
6531,29279614,1
6532,4200423694,1
6533,759218,1
6534,111760784,1
6535,1700273095,1
6536,455685724,1
6537,948591987422384128,1
6538,2225063461,1
6539,3089960069,1
6540,546972774,1
6541,1059056423181660165,1
6542,960814254,1
6543,734007729044480000,1
6544,1219163144297369605,1
6545,2209331701,1
6546,75567954,1
6547,339880162,1
6548,2874996454,1
6549,351862299,1
6550,1108853640,1
6551,26878173,1
6552,418541427,1
6553,979390575769251840,1
6554,20175594,1
6555,2684024007,1
6556,1259095530753359878,1
6557,45000836,1
6558,182997727,1
6559,3366519707,1
6560,116829790,1
6561,2971912607,1
6562,724237345,1
6563,155871944,1
6564,19089871,1
6565,344949347,1
6566,1298629647433900032,1
6567,386524599,1
6568,62352691,1
6569,861937797724286977,1
6570,19375183,1
6571,21514745,1
6572,15204822,1
6573,766046659629420544,1
6574,19111741,1
6575,892442800498896896,1
6576,2787863542,1
6577,18848462,1
6578,22009724,1
6579,3336532967,1
6580,537665817,1
6581,1275274350,1
6582,984542660202565632,1
6583,1186717764775489542,1
6584,886182343664443393,1
6585,442661104,1
6586,148144843,1
6587,734652369779236865,1
6588,780120572,1
6589,332247192,1
6590,16929594,1
6591,29669122,1
6592,814200471665647616,1
6593,495192817,1
6594,1310940263544750080,1
6595,712763329027117056,1
6596,22026684,1
6597,4889064237,1
6598,19981784,1
6599,258107547,1
6600,1053618241279614978,1
6601,4860470428,1
6602,51566082,1
6603,45681714,1
6604,133863538,1
6605,977292995073576963,1
6606,23180996,1
6607,81920395,1
6608,862270856462041088,1
6609,4858093875,1
6610,45556215,1
6611,175734920,1
6612,2417716141,1
6613,45815692,1
6614,365399601,1
6615,589133658,1
6616,1670326542,1
6617,306291067,1
6618,924246388950601728,1
6619,2969377516,1
6620,85943698,1
6621,397392358,1
6622,486548546,1
6623,57745117,1
6624,529271953,1
6625,101605202,1
6626,345589864,1
6627,281708167,1
6628,709812956259852288,1
6629,4708121896,1
6630,141323256,1
6631,915602796837302272,1
6632,371304321,1
6633,1096551196008108032,1
6634,47415204,1
6635,531455439,1
6636,3341983516,1
6637,20599481,1
6638,631018817,1
6639,214065746,1
6640,148500671,1
6641,56347079,1
6642,310754553,1
6643,84907643,1
6644,1546325844,1
6645,383815372,1
6646,1243649971913723904,1
6647,26462385,1
6648,20427066,1
6649,937444159442636802,1
6650,535327519,1
6651,1618587913,1
6652,1002805465,1
6653,1198370989,1
6654,3247956994,1
6655,2336276609,1
6656,2964938745,1
6657,2596189003,1
6658,708685499737763842,1
6659,829700881809555461,1
6660,28643580,1
6661,521193127,1
6662,1558852482,1
6663,49282369,1
6664,596331812,1
6665,604695510,1
6666,617564988,1
6667,1454977214,1
6668,113001429,1
6669,2863734491,1
6670,264143541,1
6671,204831514,1
6672,900786992,1
6673,155619964,1
6674,287590826,1
6675,1202674750667067393,1
6676,7110962,1
6677,170803839,1
6678,1060804578,1
6679,18708126,1
6680,3486141615,1
6681,350844686,1
6682,381453658,1
6683,51268134,1
6684,212888287,1
6685,3038698761,1
6686,24356216,1
6687,828315219663388674,1
6688,1543567315,1
6689,291906276,1
6690,32440417,1
6691,1110271748413493248,1
6692,1603642862,1
6693,286998842,1
6694,23295986,1
6695,14925532,1
6696,40633988,1
6697,803363351065726977,1
6698,19704240,1
6699,468655420,1
6700,13719962,1
6701,1140348065506832384,1
6702,19908425,1
6703,377837017,1
6704,610136287,1
6705,1006724528,1
6706,671653,1
6707,20823698,1
6708,32365947,1
6709,486965580,1
6710,66116033,1
6711,1380749606,1
6712,181313260,1
6713,778569648,1
6714,30708195,1
6715,479472181,1
6716,563231452,1
6717,1333074833333161987,1
6718,2289524063,1
6719,1147971857288704000,1
6720,21987547,1
6721,1965873648,1
6722,555039241,1
6723,27278338,1
6724,23448425,1
6725,433008215,1
6726,15192109,1
6727,828656028,1
6728,3226115393,1
6729,1326630409,1
6730,831072096570716160,1
6731,50057136,1
6732,3003029949,1
6733,48957007,1
6734,1008821881892425728,1
6735,2742852911,1
6736,731433524365017089,1
6737,45670364,1
6738,288992667,1
6739,118487710,1
6740,720990168,1
6741,25723672,1
6742,106850091,1
6743,328696084,1
6744,19015593,1
6745,1053455166,1
6746,2388919605,1
6747,1713321344,1
6748,289862457,1
6749,1158854767227133954,1
6750,1136564872471355392,1
6751,83867434,1
6752,323315934,1
6753,253975228,1
6754,14671946,1
6755,321436017,1
6756,1128763554734194690,1
6757,734865233370615810,1
6758,418085871,1
6759,442298539,1
6760,1668811130,1
6761,1146557665662910466,1
6762,423628640,1
6763,930900408675037184,1
6764,36688396,1
6765,1405899932,1
6766,3413641707,1
6767,153535431,1
6768,1173960812563783685,1
6769,1032258388531585027,1
6770,547978592,1
6771,2299387972,1
6772,979850173105999873,1
6773,728550219772792836,1
6774,14882374,1
6775,44627918,1
6776,478868786,1
6777,885033774928588801,1
6778,17865695,1
6779,4360709415,1
6780,27940176,1
6781,144253403,1
6782,1522900645,1
6783,2387641301,1
6784,453402726,1
6785,198453363,1
6786,884167405102137351,1
6787,20843992,1
6788,314681186,1
6789,484204761,1
6790,101845383,1
6791,44586809,1
6792,749287448899948546,1
6793,1122075160129961984,1
6794,40016327,1
6795,295768948,1
6796,2149373184,1
6797,21561342,1
6798,120053375,1
6799,19642409,1
6800,573891988,1
6801,34242105,1
6802,20046521,1
6803,2861231381,1
6804,798065578548350976,1
6805,1074312961756405761,1
6806,1270747851426017281,1
6807,1066727151381217282,1
6808,457545275,1
6809,15747287,1
6810,11128392,1
6811,579226699,1
6812,453345357,1
6813,1119263514105921536,1
6814,1288077951939092485,1
6815,59185408,1
6816,187844171,1
6817,75219287,1
6818,377696352,1
6819,1648687345,1
6820,759433769711460352,1
6821,3762486855,1
6822,787303876647088128,1
6823,136711895,1
6824,392487826,1
6825,263608894,1
6826,242089940,1
6827,22526714,1
6828,352416337,1
6829,27027259,1
6830,1364218464,1
6831,718509899609714688,1
6832,2797799967,1
6833,2243279603,1
6834,105192743,1
6835,336899912,1
6836,1346868902,1
6837,1314210271930404864,1
6838,17132617,1
6839,312203970,1
6840,857848951713792001,1
6841,229041775,1
6842,2377441227,1
6843,27014669,1
6844,253720964,1
6845,252775184,1
6846,45560923,1
6847,383151694,1
6848,347149643,1
6849,971689739802865664,1
6850,1124322090667118592,1
6851,389348366,1
6852,259158047,1
6853,180161475,1
6854,137610967,1
6855,1288899164198383618,1
6856,746749334927081472,1
6857,974801471047860224,1
6858,2759315673,1
6859,30041356,1
6860,1105339679484858369,1
6861,374192126,1
6862,235663609,1
6863,552575485,1
6864,972223472817631234,1
6865,381994235,1
6866,17399172,1
6867,297661535,1
6868,231092658,1
6869,6252932,1
6870,1930066806,1
6871,51386949,1
6872,99573768,1
6873,322006285,1
6874,478815347,1
6875,73353278,1
6876,906943470044172289,1
6877,20238640,1
6878,1205258457953243141,1
6879,164076341,1
6880,74692745,1
6881,87789672,1
6882,854241227503529985,1
6883,19903194,1
6884,313961447,1
6885,298961060,1
6886,1216940929,1
6887,1265239141807263744,1
6888,232347352,1
6889,1273466940573581314,1
6890,214617259,1
6891,3244774167,1
6892,30984878,1
6893,968888674845937664,1
6894,119694982,1
6895,2863109357,1
6896,23114251,1
6897,557929646,1
6898,1299144667,1
6899,94539096,1
6900,18697394,1
6901,1243131596716355584,1
6902,20797670,1
6903,15219141,1
6904,125816653,1
6905,397545477,1
6906,31140413,1
6907,111723651,1
6908,148103144,1
6909,1169512477505282048,1
6910,52338207,1
6911,2764233378,1
6912,555347718,1
6913,2808260956,1
6914,482384332,1
6915,21084812,1
6916,35313661,1
6917,217794998,1
6918,196257819,1
6919,410695680,1
6920,404713757,1
6921,1558153362,1
6922,3536299101,1
6923,55534001,1
6924,2313920718,1
6925,885393081738121216,1
6926,469602151,1
6927,2773541099,1
6928,16647491,1
6929,703871688,1
6930,44104750,1
6931,21436128,1
6932,3193642077,1
6933,700318606,1
6934,835788043512578049,1
6935,15885801,1
6936,2880930485,1
6937,1883448296,1
6938,2731913639,1
6939,397158406,1
6940,89749923,1
6941,262771769,1
6942,134828025,1
6943,61460341,1
6944,1029081228350246914,1
6945,247767415,1
6946,186963967,1
6947,566248330,1
6948,2881971085,1
6949,84436145,1
6950,143506000,1
6951,128693554,1
6952,1103090633273688064,1
6953,1006409763108737024,1
6954,7154272,1
6955,541740701,1
6956,870521408,1
6957,18818665,1
6958,180533087,1
6959,214922756,1
6960,966591392603656193,1
6961,424500011,1
6962,351422180,1
6963,4854872543,1
6964,84388828,1
6965,14193366,1
6966,105452900,1
6967,49655752,1
6968,324544510,1
6969,38157985,1
6970,21080394,1
6971,1130860825718218752,1
6972,3402873531,1
6973,154929372,1
6974,592226249,1
6975,846333717610147840,1
6976,2794170353,1
6977,227974219,1
6978,29032903,1
6979,1086072650,1
6980,322870368,1
6981,1089046448,1
6982,102510903,1
6983,4834896921,1
6984,18556034,1
6985,534411856,1
6986,313329242,1
6987,3111728595,1
6988,731939300582010880,1
6989,386629656,1
6990,31435940,1
6991,1469650512,1
6992,2340127816,1
6993,162109449,1
6994,4009759281,1
6995,6806292,1
6996,1343249201615036417,1
6997,3057120665,1
6998,50462533,1
6999,444446641,1
7000,212380647,1
7001,823578197363216386,1
7002,96642988,1
7003,4023583348,1
7004,1440669733,1
7005,143352324,1
7006,918505058,1
7007,103844545,1
7008,61762230,1
7009,207569348,1
7010,2472266393,1
7011,1132303504473763841,1
7012,23108516,1
7013,181281536,1
7014,864573378262380549,1
7015,191888690,1
7016,498056695,1
7017,1135605281373806594,1
7018,3039964735,1
7019,108254441,1
7020,582872181,1
7021,21092452,1
7022,133349457,1
7023,863847536,1
7024,519894030,1
7025,528494794,1
7026,1213505700631994369,1
7027,30947685,1
7028,2709198180,1
7029,3222291663,1
7030,121932457,1
7031,19675777,1
7032,398043458,1
7033,632150560,1
7034,981671319350775808,1
7035,1622756166,1
7036,872886431747899392,1
7037,918733998,1
7038,28321057,1
7039,1060645426234298369,1
7040,926470006182903808,1
7041,81642655,1
7042,154625556,1
7043,979372058,1
7044,404440190,1
7045,1147564410,1
7046,2430480630,1
7047,389963839,1
7048,3654450197,1
7049,2729728417,1
7050,270585770,1
7051,1289254730028462080,1
7052,1003710583412314117,1
7053,517423104,1
7054,224600015,1
7055,294569798,1
7056,2861660189,1
7057,409544585,1
7058,102320539,1
7059,787504434,1
7060,36139320,1
7061,2436622983,1
7062,3084712905,1
7063,738284432151486465,1
7064,246137256,1
7065,717398253118033920,1
7066,909815818376110081,1
7067,247762745,1
7068,294651006,1
7069,1009765804555014145,1
7070,1397001672,1
7071,185369931,1
7072,63246254,1
7073,405141464,1
7074,274122244,1
7075,267974145,1
7076,590355136,1
7077,600447379,1
7078,25690727,1
7079,2741567165,1
7080,759328238,1
7081,570780348,1
7082,37744684,1
7083,18532574,1
7084,2947808125,1
7085,2729076081,1
7086,1495101199,1
7087,2762147854,1
7088,481203977,1
7089,206117687,1
7090,176217542,1
7091,1171557139,1
7092,14418459,1
7093,170880181,1
7094,428334723,1
7095,42391148,1
7096,23842040,1
7097,100208753,1
7098,361718913,1
7099,46698007,1
7100,196530980,1
7101,95166617,1
7102,114525592,1
7103,4186018624,1
7104,887405771058810881,1
7105,2269605143,1
7106,217563736,1
7107,32878557,1
7108,16282326,1
7109,1332561079,1
7110,3232850307,1
7111,2241046314,1
7112,337216274,1
7113,19932405,1
7114,21056196,1
7115,582214246,1
7116,738057421298487296,1
7117,1326388632,1
7118,291180448,1
7119,20474591,1
7120,178428939,1
7121,270415925,1
7122,19701918,1
7123,245548750,1
7124,1264815024666804227,1
7125,1561801,1
7126,303667290,1
7127,2785602423,1
7128,122299551,1
7129,79187458,1
7130,243108362,1
7131,2787926076,1
7132,1105465089065390080,1
7133,1366392217,1
7134,19532349,1
7135,56737634,1
7136,230464332,1
7137,701810437311041536,1
7138,792665454,1
7139,1285184569327656960,1
7140,17692334,1
7141,38441620,1
7142,553879625,1
7143,444997917,1
7144,105080421,1
7145,356283497,1
7146,189980023,1
7147,848626670235996163,1
7148,17937980,1
7149,254091469,1
7150,1050341587522375680,1
7151,968817988106379264,1
7152,20173229,1
7153,1338570703751290881,1
7154,28154860,1
7155,495826378,1
7156,21259581,1
7157,58614012,1
7158,380930335,1
7159,248448795,1
7160,3893075476,1
7161,1060920782,1
7162,54279046,1
7163,3370784345,1
7164,24385583,1
7165,955575694674792453,1
7166,137477970,1
7167,19397113,1
7168,2965911143,1
7169,48308811,1
7170,17388744,1
7171,1091734636714184706,1
7172,38206621,1
7173,875972678494105600,1
7174,85065581,1
7175,2354956745,1
7176,1001853377414946822,1
7177,18604000,1
7178,802120822290792448,1
7179,2972718141,1
7180,61716224,1
7181,2206984951,1
7182,348715696,1
7183,37884047,1
7184,1117650439,1
7185,461092766,1
7186,1045560253,1
7187,946021584506183680,1
7188,809306749002018816,1
7189,274112156,1
7190,119738656,1
7191,2922039251,1
7192,210617344,1
7193,100747938,1
7194,19435941,1
7195,296408587,1
7196,753217501,1
7197,2666984680,1
7198,802665247,1
7199,471938086,1
7200,21809430,1
7201,3046463361,1
7202,133771554,1
7203,1538344350,1
7204,47709075,1
7205,307250960,1
7206,571122709,1
7207,592763256,1
7208,738366140,1
7209,704369448510214144,1
7210,84317330,1
7211,705820513411670016,1
7212,194623581,1
7213,4306004363,1
7214,313820255,1
7215,197435887,1
7216,3333272333,1
7217,19864776,1
7218,433795604,1
7219,932962519005716480,1
7220,45129617,1
7221,855455586221162496,1
7222,232627246,1
7223,304267671,1
7224,971545951834959872,1
7225,424591225,1
7226,995533310989254657,1
7227,608264988,1
7228,765989762519994368,1
7229,95200654,1
7230,2174258295,1
7231,3216843717,1
7232,2982079270,1
7233,65880163,1
7234,1328044413189312512,1
7235,55118681,1
7236,122371238,1
7237,24056595,1
7238,1323285356033253376,1
7239,34763049,1
7240,1580821909,1
7241,2958831263,1
7242,117227924,1
7243,16884084,1
7244,29057054,1
7245,572129669,1
7246,277136386,1
7247,1540954003,1
7248,836222857189416960,1
7249,960217182713114625,1
7250,61477261,1
7251,1377778627,1
7252,341702637,1
7253,247237724,1
7254,22279969,1
7255,46141538,1
7256,17438351,1
7257,3937668196,1
7258,2501267132,1
7259,784460029,1
7260,1171913498542125057,1
7261,229414249,1
7262,241353622,1
7263,524331200,1
7264,1309558654434185216,1
7265,24718210,1
7266,574922646,1
7267,3307421603,1
7268,14735475,1
7269,701220216,1
7270,28561363,1
7271,253080353,1
7272,2530330327,1
7273,328418879,1
7274,622077509,1
7275,20795733,1
7276,2327064199,1
7277,709816309891145728,1
7278,303658686,1
7279,1078029790156935214,1
7280,400651874,1
7281,29472878,1
7282,335746415,1
7283,930130237786124290,1
7284,318334120,1
7285,101847333,1
7286,4002346276,1
7287,392630123,1
7288,160928059,1
7289,62758401,1
7290,777493927188369408,1
7291,262802353,1
7292,498266165,1
7293,249704781,1
7294,25146938,1
7295,368284543,1
7296,540690298,1
7297,11372352,1
7298,112819661,1
7299,38869891,1
7300,819059539,1
7301,233986540,1
7302,910849495,1
7303,1184662364,1
7304,28775770,1
7305,1147858515031187456,1
7306,104188803,1
7307,148785061,1
7308,586601938,1
7309,1179442318182670337,1
7310,18346024,1
7311,263795756,1
7312,718839430,1
7313,23321111,1
7314,20460578,1
7315,183967187,1
7316,702012652,1
7317,856445076716826625,1
7318,1188409772636299264,1
7319,2493320573,1
7320,274920254,1
7321,18601045,1
7322,811857638531231744,1
7323,1243476203283132417,1
7324,19064408,1
7325,1123586901984927746,1
7326,1937424170,1
7327,1005912793273561088,1
7328,84550303,1
7329,99574136,1
7330,960468963007385601,1
7331,1067001800857931776,1
7332,2409610628,1
7333,216035607,1
7334,2998567550,1
7335,243314776,1
7336,985369657,1
7337,85608452,1
7338,2593130048,1
7339,464159678,1
7340,1042742110095597568,1
7341,4894837606,1
7342,20047039,1
7343,150290223,1
7344,548578849,1
7345,600394301,1
7346,22645091,1
7347,2430789970,1
7348,958688423476432897,1
7349,400920782,1
7350,1104938191650516992,1
7351,3193692908,1
7352,83100471,1
7353,1336417790,1
7354,551803238,1
7355,257013639,1
7356,26197384,1
7357,20482676,1
7358,1078224398061064194,1
7359,473716488,1
7360,885226835830853633,1
7361,630955987,1
7362,1104399347033223169,1
7363,737539309,1
7364,37737278,1
7365,1856507214,1
7366,377434392,1
7367,407153449,1
7368,22388530,1
7369,277212157,1
7370,780534776226734081,1
7371,242030403,1
7372,932346503858974720,1
7373,136076935,1
7374,3135484704,1
7375,154488980,1
7376,250828905,1
7377,1168777782811418624,1
7378,19937729,1
7379,875271536,1
7380,121497181,1
7381,942008366360129544,1
7382,61874283,1
7383,40493746,1
7384,126951718,1
7385,1123909521943015424,1
7386,61190602,1
7387,771675392,1
7388,81876267,1
7389,20280832,1
7390,15597220,1
7391,631006710,1
7392,916702103216812032,1
7393,27623421,1
7394,347787881,1
7395,778631216488669185,1
7396,44946905,1
7397,382022655,1
7398,3421419885,1
7399,758240616073617409,1
7400,83935926,1
7401,1160312865238278146,1
7402,21438702,1
7403,588252944,1
7404,20845611,1
7405,839660148,1
7406,928920760550293504,1
7407,254687193,1
7408,2770231725,1
7409,259245988,1
7410,1104204072,1
7411,1475717414,1
7412,975740838692212738,1
7413,2943770405,1
7414,925488426782265344,1
7415,944341004,1
7416,578841485,1
7417,1357819080,1
7418,142425662,1
7419,911259816215154690,1
7420,366597997,1
7421,554578717,1
7422,1123885131029274624,1
7423,938757859541647360,1
7424,818486406414733312,1
7425,277136852,1
7426,41825410,1
7427,388272937,1
7428,19455384,1
7429,21923240,1
7430,229059878,1
7431,939946027414687749,1
7432,1225459728,1
7433,19547236,1
7434,407926297,1
7435,107231948,1
7436,1151881985138339840,1
7437,1016431564870373377,1
7438,916729723765616644,1
7439,166555478,1
7440,456929430,1
7441,132255696,1
7442,226262432,1
7443,592647472,1
7444,90389307,1
7445,24064896,1
7446,1107593260187435008,1
7447,1389959408,1
7448,1047842319259582465,1
7449,590859891,1
7450,4564500869,1
7451,158431402,1
7452,83712732,1
7453,3814556776,1
7454,43766953,1
7455,834846543647739905,1
7456,395304221,1
7457,1153212007778267138,1
7458,19359341,1
7459,326671854,1
7460,349665408,1
7461,960646676,1
7462,766193998868389888,1
7463,1013188902021222402,1
7464,2990219152,1
7465,368918483,1
7466,722956094,1
7467,15005528,1
7468,245427288,1
7469,2595239422,1
7470,793726772659511296,1
7471,615757482,1
7472,2495422053,1
7473,899373384651481088,1
7474,487500980,1
7475,288892026,1
7476,21296032,1
7477,4491179295,1
7478,40716749,1
7479,2275775286,1
7480,1705126766,1
7481,15101880,1
7482,19974000,1
7483,34625476,1
7484,61162356,1
7485,403695758,1
7486,706160683,1
7487,1104382999,1
7488,745850053,1
7489,66951013,1
7490,118685056,1
7491,2869039901,1
7492,2547059784,1
7493,1321605333081575424,1
7494,1101224454657638402,1
7495,4243449856,1
7496,113471111,1
7497,872081287259074560,1
7498,845959232759484416,1
7499,65903266,1
7500,55335484,1
7501,1072463084,1
7502,280638272,1
7503,162832205,1
7504,26813921,1
7505,2977062179,1
7506,19584890,1
7507,423699823,1
7508,1235574678,1
7509,288419513,1
7510,2840077709,1
7511,25913057,1
7512,958356009671684096,1
7513,20581882,1
7514,326072154,1
7515,307462162,1
7516,135290244,1
7517,1069257384965619713,1
7518,734889662116995074,1
7519,2302846464,1
7520,849283479359672321,1
7521,863147274175643648,1
7522,255147392,1
7523,297540360,1
7524,85340206,1
7525,770259679817633793,1
7526,1043129366,1
7527,990746322,1
7528,102174518,1
7529,49069079,1
7530,918228526385557504,1
7531,276801184,1
7532,32002185,1
7533,26002196,1
7534,88264218,1
7535,29686704,1
7536,226189675,1
7537,263091826,1
7538,19529426,1
7539,62105068,1
7540,351477976,1
7541,844335061,1
7542,1213899810505289728,1
7543,392598065,1
7544,1245725085870292992,1
7545,167712393,1
7546,903598942235090948,1
7547,86329405,1
7548,801344153431015424,1
7549,182763634,1
7550,364871556,1
7551,18412923,1
7552,16541438,1
7553,51709836,1
7554,1861611990,1
7555,636958998,1
7556,212944712,1
7557,1292556861045178369,1
7558,1172397807510024195,1
7559,21147607,1
7560,27882086,1
7561,131890131,1
7562,198122031,1
7563,39863817,1
7564,136307656,1
7565,881596472164274178,1
7566,988384870949883906,1
7567,789530010,1
7568,1104452712610050048,1
7569,34399310,1
7570,35470552,1
7571,99301684,1
7572,29437625,1
7573,31444476,1
7574,84959300,1
7575,456054050,1
7576,128826138,1
7577,774131024,1
7578,385003774,1
7579,17289699,1
7580,377502989,1
7581,112757583,1
7582,249228280,1
7583,19701572,1
7584,1163253276856455169,1
7585,242234864,1
7586,167027029,1
7587,245288244,1
7588,175328008,1
7589,35293835,1
7590,125957434,1
7591,4127992305,1
7592,1268153105016856578,1
7593,565403280,1
7594,1195027777,1
7595,885778283975106565,1
7596,1200485783490252800,1
7597,545174209,1
7598,489474859,1
7599,479863178,1
7600,354880870,1
7601,10906772,1
7602,3312380932,1
7603,735360368,1
7604,21567189,1
7605,349380697,1
7606,1195745995193274370,1
7607,140720798,1
7608,607340907,1
7609,909824995655856128,1
7610,780478795920932869,1
7611,80247435,1
7612,54012377,1
7613,64767375,1
7614,1039986604520165377,1
7615,46741640,1
7616,3317681299,1
7617,1189885475139575808,1
7618,1078843874,1
7619,21619549,1
7620,962099934077046784,1
7621,214851178,1
7622,1719261674,1
7623,248717504,1
7624,526654244,1
7625,855415453,1
7626,93609284,1
7627,2752475944,1
7628,82334728,1
7629,402069818,1
7630,77828745,1
7631,38686924,1
7632,22143981,1
7633,175759257,1
7634,736963628679696385,1
7635,20305887,1
7636,932588045878128640,1
7637,3081055890,1
7638,255546286,1
7639,172484082,1
7640,19971779,1
7641,543573614,1
7642,848878343843872768,1
7643,66390308,1
7644,854825983307915264,1
7645,3118375480,1
7646,2273063256,1
7647,131887363,1
7648,241127107,1
7649,3302496233,1
7650,18843548,1
7651,296469832,1
7652,487881765,1
7653,1098699085,1
7654,89202487,1
7655,46477492,1
7656,63137606,1
7657,14892993,1
7658,38343841,1
7659,824373923945005066,1
7660,1117347379,1
7661,245944941,1
7662,921598695669420032,1
7663,759298681,1
7664,24223331,1
7665,356133178,1
7666,248741652,1
7667,112265472,1
7668,101023527,1
7669,21853901,1
7670,352939772,1
7671,2371465737,1
7672,1086447667113349120,1
7673,1109150726796787712,1
7674,2542022535,1
7675,893270593,1
7676,604708726,1
7677,3240765123,1
7678,548672849,1
7679,1225561247912992768,1
7680,290964140,1
7681,78615346,1
7682,578510908,1
7683,2278096338,1
7684,35706972,1
7685,228799086,1
7686,3190566449,1
7687,223264267,1
7688,47021380,1
7689,21241317,1
7690,18287062,1
7691,3408779320,1
7692,171358182,1
7693,50977745,1
7694,1312849694612246528,1
7695,1209429321674297344,1
7696,475766379,1
7697,506607793,1
7698,234252492,1
7699,26092631,1
7700,46675824,1
7701,45937133,1
7702,18089975,1
7703,220806748,1
7704,1202531783134322689,1
7705,62906512,1
7706,115910427,1
7707,93712654,1
7708,398250729,1
7709,71793604,1
7710,299597246,1
7711,20070185,1
7712,906434816,1
7713,1339664598157434881,1
7714,152351230,1
7715,21479572,1
7716,1189536908,1
7717,1343466913,1
7718,2316197656,1
7719,1055331012,1
7720,2577875014,1
7721,938721169108361218,1
7722,222959158,1
7723,117731547,1
7724,2410504557,1
7725,36994355,1
7726,203015691,1
7727,1871501143,1
7728,34038245,1
7729,423608027,1
7730,370827383,1
7731,2261636219,1
7732,4227165353,1
7733,3220785813,1
7734,3382859685,1
7735,2928638133,1
7736,624660280,1
7737,475354676,1
7738,24608386,1
7739,77235840,1
7740,140928235,1
7741,200923676,1
7742,20696234,1
7743,620147655,1
7744,15137786,1
7745,511291883,1
7746,2428418201,1
7747,42209566,1
7748,2973155201,1
7749,551177750,1
7750,21080985,1
7751,61663,1
7752,1825478244,1
7753,19190028,1
7754,24628100,1
7755,14274879,1
7756,1645651136,1
7757,921319775736881152,1
7758,627642575,1
7759,3996620963,1
7760,112274494,1
7761,2319240249,1
7762,1278263991454793728,1
7763,28136594,1
7764,104928731,1
7765,1735880898,1
7766,1125077953,1
7767,426172909,1
7768,257072405,1
7769,257660315,1
7770,33612455,1
7771,1199729393310093313,1
7772,1036989930,1
7773,334847597,1
7774,239523729,1
7775,741737986115706880,1
7776,219072094,1
7777,286294555,1
7778,336462129,1
7779,38169311,1
7780,1322110944135290880,1
7781,50926585,1
7782,307715041,1
7783,165267060,1
7784,1135538096,1
7785,183184513,1
7786,448907126,1
7787,1015965286946738177,1
7788,248919704,1
7789,20557481,1
7790,4001193015,1
7791,424316644,1
7792,938188672020729863,1
7793,91197726,1
7794,1196566918901178368,1
7795,954053325548326912,1
7796,1096758758657720320,1
7797,199672068,1
7798,61040140,1
7799,54043007,1
7800,36761844,1
7801,32413426,1
7802,193327107,1
7803,335500784,1
7804,1886889019,1
7805,319612076,1
7806,25361068,1
7807,401228677,1
7808,108406810,1
7809,351852257,1
7810,3382353616,1
7811,293743813,1
7812,630928507,1
7813,300463647,1
7814,20381780,1
7815,593415857,1
7816,253204500,1
7817,20849049,1
7818,2436003934,1
7819,3153672671,1
7820,793479376503463936,1
7821,59224908,1
7822,14242755,1
7823,2811645281,1
7824,387740683,1
7825,213816808,1
7826,808732285864386565,1
7827,1104058171088424969,1
7828,377346169,1
7829,420592895,1
7830,322279136,1
7831,792493344,1
7832,1066761062,1
7833,478982036,1
7834,808357535610798081,1
7835,479593449,1
7836,2774285217,1
7837,3006696681,1
7838,4755149428,1
7839,18876300,1
7840,2857770023,1
7841,493156316,1
7842,143823050,1
7843,822160491585871876,1
7844,1022362296503422976,1
7845,31238634,1
7846,199037738,1
7847,1552445485,1
7848,50319005,1
7849,802116459526758401,1
7850,1492836674,1
7851,451546356,1
7852,2735652839,1
7853,858635849235402752,1
7854,2876007053,1
7855,1531470529,1
7856,2680560125,1
7857,230181195,1
7858,462229379,1
7859,586754771,1
7860,236482482,1
7861,100070329,1
7862,122505875,1
7863,2287905095,1
7864,3939221512,1
7865,1011892014206607360,1
7866,93534410,1
7867,33926098,1
7868,2211150652,1
7869,710752053,1
7870,2248559514,1
7871,95080714,1
7872,2765580615,1
7873,130792343,1
7874,276801716,1
7875,1197179486472675330,1
7876,3728984247,1
7877,1087210802,1
7878,177147453,1
7879,1017884135225020418,1
7880,3383419600,1
7881,236406179,1
7882,485790929,1
7883,296470705,1
7884,2829982589,1
7885,104175847,1
7886,153346091,1
7887,61223380,1
7888,1529926848,1
7889,368299602,1
7890,2168447951,1
7891,375854213,1
7892,242011795,1
7893,75647360,1
7894,28080266,1
7895,215679583,1
7896,513572543,1
7897,2968748014,1
7898,300658946,1
7899,1151578524,1
7900,76093623,1
7901,188083847,1
7902,1402926248,1
7903,1045408034,1
7904,20330929,1
7905,985569385,1
7906,1444758901,1
7907,154932849,1
7908,222283606,1
7909,826856759528738832,1
7910,64669384,1
7911,1163071634439360512,1
7912,1142349143328903168,1
7913,3306480592,1
7914,357575314,1
7915,1205458874091868160,1
7916,132464577,1
7917,780506734192431105,1
7918,225033001,1
7919,49155439,1
7920,1659751597,1
7921,75394503,1
7922,1325908097043460096,1
7923,888087158,1
7924,247221446,1
7925,523662962,1
7926,1215248900036100096,1
7927,105871918,1
7928,1061961649308004352,1
7929,223022378,1
7930,149487867,1
7931,257507949,1
7932,218236879,1
7933,2460004712,1
7934,298427342,1
7935,919855388,1
7936,754754178,1
7937,48492610,1
7938,41513557,1
7939,247263090,1
7940,1312337944867475456,1
7941,2543473642,1
7942,374464187,1
7943,259847002,1
7944,1145441748711280642,1
7945,1054671352299487234,1
7946,3363544774,1
7947,51531843,1
7948,741643957407494144,1
7949,1223213893461389313,1
7950,2960032857,1
7951,1276096729,1
7952,1000767845884747776,1
7953,518453848,1
7954,791524292,1
7955,859965140908855296,1
7956,436734279,1
7957,766908712112025600,1
7958,2177538959,1
7959,717100585179291649,1
7960,48346570,1
7961,1049736402995486723,1
7962,107095378,1
7963,4892425227,1
7964,1331741730643775489,1
7965,63262733,1
7966,561464893,1
7967,2220226374,1
7968,778214672789041152,1
7969,34008434,1
7970,428348183,1
7971,2915263783,1
7972,19762359,1
7973,1222913465314091008,1
7974,6698772,1
7975,245466809,1
7976,86173025,1
7977,420692097,1
7978,173763917,1
7979,1184217920781590529,1
7980,143019539,1
7981,268429252,1
7982,90044886,1
7983,761211824612270080,1
7984,308368023,1
7985,2186611361,1
7986,911140646,1
7987,941812744315113472,1
7988,960296587334488069,1
7989,752208759645241344,1
7990,1333074339609063427,1
7991,469894215,1
7992,2684848831,1
7993,36009494,1
7994,14660263,1
7995,20281286,1
7996,5529822,1
7997,187572034,1
7998,3024008266,1
7999,22512236,1
8000,3612323056,1
8001,1113329657368141824,1
8002,377388612,1
8003,16487198,1
8004,48673314,1
8005,423612734,1
8006,1406462648,1
8007,817281853,1
8008,807595993382449152,1
8009,1281389907097849856,1
8010,302716047,1
8011,359867729,1
8012,2229728761,1
8013,115010550,1
8014,2293423552,1
8015,855301783,1
8016,1701506844,1
8017,447508605,1
8018,481404616,1
8019,14831531,1
8020,811367165903433728,1
8021,1315685157513428992,1
8022,256338632,1
8023,3069762081,1
8024,913429634,1
8025,393586901,1
8026,2462353886,1
8027,1081196472798990336,1
8028,328050498,1
8029,968382260,1
8030,841334287,1
8031,703593259,1
8032,3135125627,1
8033,3073925967,1
8034,1335706107310989313,1
8035,42401503,1
8036,361802051,1
8037,257159968,1
8038,21360473,1
8039,222295042,1
8040,851177586,1
8041,702478444198817793,1
8042,503581872,1
8043,812922270,1
8044,1259463046864539649,1
8045,571504559,1
8046,1231204839918571521,1
8047,49308372,1
8048,78907029,1
8049,408295251,1
8050,97732727,1
8051,48455002,1
8052,418130695,1
8053,1670296784,1
8054,281677939,1
8055,769167824,1
8056,256727501,1
8057,49120214,1
8058,21743031,1
8059,589295592,1
8060,859061909328465921,1
8061,197167627,1
8062,3179316465,1
8063,22271127,1
8064,31431229,1
8065,818760035585130496,1
8066,370326869,1
8067,946872854863384576,1
8068,1253658943441649667,1
8069,1189447551394689025,1
8070,124602510,1
8071,1049370875840155648,1
8072,869337089510387712,1
8073,915622286203506688,1
8074,57399053,1
8075,353735761,1
8076,193741698,1
8077,30249329,1
8078,727605309976498176,1
8079,1269605163943280645,1
8080,1206522213723246592,1
8081,349332844,1
8082,550932478,1
8083,236885692,1
8084,129320259,1
8085,65988776,1
8086,739457398604206080,1
8087,1225229522,1
8088,1262820180679430146,1
8089,188833648,1
8090,932565506,1
8091,2897606013,1
8092,14123502,1
8093,1477681688,1
8094,1494287270,1
8095,559420016,1
8096,2169252736,1
8097,404457135,1
8098,1352218747625467904,1
8099,20451268,1
8100,18992046,1
8101,352287424,1
8102,1098702155261853696,1
8103,41799271,1
8104,571580963,1
8105,180334537,1
8106,713311629191028736,1
8107,952001226,1
8108,26504137,1
8109,22420653,1
8110,239483943,1
8111,25619437,1
8112,200678335,1
8113,1141909788575637504,1
8114,272045566,1
8115,83699824,1
8116,58045757,1
8117,33223191,1
8118,356528762,1
8119,489828764,1
8120,2742941044,1
8121,287092327,1
8122,69827100,1
8123,304631656,1
8124,1418938669,1
8125,788316626143838209,1
8126,26338052,1
8127,919513868271046656,1
8128,473083490,1
8129,1492027154,1
8130,82883352,1
8131,2994462203,1
8132,351536933,1
8133,500052743,1
8134,1347487903681798144,1
8135,1336284074,1
8136,50351289,1
8137,1336091842027384832,1
8138,1109233129917689856,1
8139,239848772,1
8140,2226447816,1
8141,78262156,1
8142,14627436,1
8143,300682280,1
8144,602055748,1
8145,4827056230,1
8146,705480791824932864,1
8147,150403631,1
8148,3155907864,1
8149,148095327,1
8150,17017705,1
8151,141103810,1
8152,1275913410664898566,1
8153,297006422,1
8154,69728888,1
8155,336661956,1
8156,621375487,1
8157,2921467439,1
8158,214120522,1
8159,1257330419562958849,1
8160,76421588,1
8161,4844544136,1
8162,138741713,1
8163,1466634200,1
8164,42977293,1
8165,320349699,1
8166,859697514798252032,1
8167,160841431,1
8168,385564385,1
8169,1316108933359194114,1
8170,60288009,1
8171,21178400,1
8172,450950420,1
8173,55387340,1
8174,23298137,1
8175,2817526794,1
8176,104120964,1
8177,222198242,1
8178,320782035,1
8179,45945585,1
8180,111613782,1
8181,1041981494,1
8182,23963537,1
8183,1351954162565738499,1
8184,839564994228457473,1
8185,94295683,1
8186,2189865132,1
8187,120867335,1
8188,1059813703,1
8189,87158458,1
8190,23663959,1
8191,1121766486,1
8192,103933766,1
8193,269927108,1
8194,220615090,1
8195,803350607125999622,1
8196,222515277,1
8197,876431641413111808,1
8198,1032329676092518400,1
8199,71290696,1
8200,2479037186,1
8201,55655161,1
8202,254124667,1
8203,28345797,1
8204,487456886,1
8205,20238282,1
8206,615498557,1
8207,2917258349,1
8208,29218388,1
8209,877089187945754624,1
8210,632908900,1
8211,23945558,1
8212,214111236,1
8213,730807843893415936,1
8214,1461509329,1
8215,929861957548695553,1
8216,18576488,1
8217,194694866,1
8218,529302078,1
8219,107173526,1
8220,37434056,1
8221,280154236,1
8222,706111385172877312,1
8223,1220232404184522752,1
8224,1244971563478384642,1
8225,19865149,1
8226,235504065,1
8227,1665916578,1
8228,19837621,1
8229,3304476803,1
8230,1151169527750811650,1
8231,116072169,1
8232,711254832322121728,1
8233,1292790575339638784,1
8234,173376176,1
8235,1029220685909045248,1
8236,164206337,1
8237,1095757034866335744,1
8238,120717640,1
8239,3304459342,1
8240,574767265,1
8241,82037870,1
8242,138766471,1
8243,93907530,1
8244,1351891041218162688,1
8245,1139618984888885249,1
8246,332734667,1
8247,28158959,1
8248,18398337,1
8249,23205264,1
8250,611670813,1
8251,3882562054,1
8252,753876174,1
8253,1060566949279752192,1
8254,2504856465,1
8255,918584101854162946,1
8256,1257896948,1
8257,2943502175,1
8258,54640556,1
8259,159840855,1
8260,14673761,1
8261,408724562,1
8262,635519884,1
8263,48672406,1
8264,1031018606,1
8265,2282569919,1
8266,2870758290,1
8267,1489958154,1
8268,1048204608961699840,1
8269,76582352,1
8270,2189156592,1
8271,102757860,1
8272,3331669966,1
8273,235122889,1
8274,18732388,1
8275,1099744636497772545,1
8276,411094165,1
8277,228412147,1
8278,251735919,1
8279,1263490004812251142,1
8280,1362610128,1
8281,2937054803,1
8282,133743411,1
8283,126140326,1
8284,51225884,1
8285,388835030,1
8286,873164708681052160,1
8287,866784697,1
8288,1304786708,1
8289,42890982,1
8290,626538022,1
8291,172317103,1
8292,42313115,1
8293,20360431,1
8294,90448248,1
8295,340956563,1
8296,2407368942,1
8297,2527406848,1
8298,35800859,1
8299,1015577398799208448,1
8300,712065428,1
8301,161734203,1
8302,1194156656952823808,1
8303,3352510114,1
8304,1076528163960827904,1
8305,636152884,1
8306,273479383,1
8307,2485665223,1
8308,112384476,1
8309,2216562571,1
8310,717401392,1
8311,3648257653,1
8312,22208032,1
8313,302797764,1
8314,330438697,1
8315,845900647,1
8316,85290601,1
8317,425170111,1
8318,570976123,1
8319,757855391786995713,1
8320,457616775,1
8321,19603549,1
8322,1149290135223246848,1
8323,1270632158370172929,1
8324,335801815,1
8325,1039255288900202496,1
8326,717063713510068224,1
8327,19529272,1
8328,1324077208164536320,1
8329,18645950,1
8330,408007197,1
8331,248377089,1
8332,873627487,1
8333,50694536,1
8334,612560144,1
8335,40548835,1
8336,2480225610,1
8337,20167821,1
8338,136978022,1
8339,627244645,1
8340,4745504122,1
8341,3373164005,1
8342,951977124,1
8343,19421197,1
8344,2381913703,1
8345,256130795,1
8346,350543101,1
8347,752467000249741312,1
8348,1697209422,1
8349,20989693,1
8350,475691403,1
8351,459379268,1
8352,20860647,1
8353,829060856,1
8354,824358299961356288,1
8355,404029544,1
8356,29728871,1
8357,203880462,1
8358,819847731695013888,1
8359,2388988669,1
8360,1245639598690062337,1
8361,366487159,1
8362,40477150,1
8363,276898689,1
8364,545318044,1
8365,500744020,1
8366,3246476782,1
8367,227295730,1
8368,1352736069771522050,1
8369,296487154,1
8370,1151118824,1
8371,156351482,1
8372,622588919,1
8373,479666692,1
8374,931890857317425154,1
8375,3679774881,1
8376,103498114,1
8377,946766055392927745,1
8378,921132299588120577,1
8379,1313562302935957504,1
8380,510308179,1
8381,1153381279586553856,1
8382,174006631,1
8383,550871576,1
8384,379817615,1
8385,284162141,1
8386,268698714,1
8387,279791975,1
8388,180308764,1
8389,240795687,1
8390,45091363,1
8391,21105049,1
8392,28376488,1
8393,2740108492,1
8394,294593956,1
8395,177520734,1
8396,1451195286,1
8397,902136640352776192,1
8398,2953303875,1
8399,122481998,1
8400,19469687,1
8401,225541764,1
8402,35233377,1
8403,1271066942,1
8404,547755187,1
8405,234036902,1
8406,21319182,1
8407,241774323,1
8408,97725790,1
8409,103529163,1
8410,1202159197,1
8411,44714779,1
8412,91348046,1
8413,147410480,1
8414,132310486,1
8415,18628316,1
8416,2807398211,1
8417,234755302,1
8418,14755991,1
8419,873910023667240960,1
8420,188403780,1
8421,430211873,1
8422,538217708,1
8423,2885676135,1
8424,1926558624,1
8425,1229696791,1
8426,116061109,1
8427,2736778577,1
8428,283713657,1
8429,358999966,1
8430,28418521,1
8431,451005783,1
8432,4625443517,1
8433,159052346,1
8434,342756342,1
8435,620333,1
8436,1114497293955272704,1
8437,128988635,1
8438,78933480,1
8439,233208394,1
8440,162288310,1
8441,432890027,1
8442,2884056677,1
8443,592175644,1
8444,2528566943,1
8445,1245292034,1
8446,20714714,1
8447,328637942,1
8448,484096684,1
8449,1315014009196883968,1
8450,24230414,1
8451,46412449,1
8452,118442927,1
8453,210112666,1
8454,56434317,1
8455,1161387762001596417,1
8456,234302550,1
8457,716055884913381376,1
8458,1018955208288866305,1
8459,1559004966,1
8460,2573499768,1
8461,387254424,1
8462,1104518731,1
8463,1402703468,1
8464,18173696,1
8465,1353349794023026692,1
8466,269918064,1
8467,558755309,1
8468,554238410,1
8469,254161687,1
8470,1569094542,1
8471,755847473394876418,1
8472,2760504006,1
8473,943609525,1
8474,475998706,1
8475,537935901,1
8476,1930789315,1
8477,727536048675426304,1
8478,4614651,1
8479,54338303,1
8480,1254076480390397954,1
8481,288240424,1
8482,27725638,1
8483,177577771,1
8484,72382294,1
8485,953248902932779008,1
8486,882479310,1
8487,841728789759574016,1
8488,19266874,1
8489,31199050,1
8490,20922870,1
8491,25122600,1
8492,3145417761,1
8493,2866958867,1
8494,610263226,1
8495,33274676,1
8496,79133722,1
8497,86148767,1
8498,90625944,1
8499,1729218318,1
8500,126683921,1
8501,21561728,1
8502,749306882922254339,1
8503,1483134864,1
8504,186412558,1
8505,300489978,1
8506,314242944,1
8507,362641669,1
8508,421862620,1
8509,364364890,1
8510,1467013506,1
8511,512414072,1
8512,281529080,1
8513,2294442080,1
8514,3294068133,1
8515,3145606919,1
8516,811417710,1
8517,61811767,1
8518,22915422,1
8519,989674494,1
8520,24674248,1
8521,957384920,1
8522,2439463043,1
8523,933117140,1
8524,1863441289,1
8525,222055575,1
8526,2945681271,1
8527,21093673,1
8528,42402990,1
8529,1064842880076926977,1
8530,56786888,1
8531,498113965,1
8532,578020850,1
8533,14512405,1
8534,753000798,1
8535,277718615,1
8536,713027053,1
8537,46102783,1
8538,1321747893200498688,1
8539,75422421,1
8540,52184069,1
8541,897428158466727936,1
8542,299967435,1
8543,945432055160156160,1
8544,353822056,1
8545,2827646475,1
8546,224245663,1
8547,1440529650,1
8548,227239219,1
8549,220942439,1
8550,342712869,1
8551,28971941,1
8552,67741540,1
8553,626931054,1
8554,143853233,1
8555,279184523,1
8556,22544807,1
8557,105578471,1
8558,21149859,1
8559,18239033,1
8560,1370272165,1
8561,779002950085644288,1
8562,914911538,1
8563,57899388,1
8564,3153578650,1
8565,22906551,1
8566,572849386,1
8567,333245396,1
8568,773543378432786432,1
8569,2679047207,1
8570,717918956,1
8571,20050441,1
8572,256610048,1
8573,477801512,1
8574,741003302851252224,1
8575,24568492,1
8576,64380339,1
8577,2165104547,1
8578,236499093,1
8579,1177207229147164673,1
8580,3345918963,1
8581,1161847946557743116,1
8582,864960778717331456,1
8583,571963656,1
8584,3537435556,1
8585,176766651,1
8586,2306726460,1
8587,2384163948,1
8588,912084222,1
8589,92251482,1
8590,125706084,1
8591,241582141,1
8592,356994669,1
8593,460896507,1
8594,230822187,1
8595,1880790211,1
8596,20434170,1
8597,84812102,1
8598,138556281,1
8599,804762467255681024,1
8600,804538998,1
8601,151947218,1
8602,20721650,1
8603,547126910,1
8604,215344908,1
8605,20278661,1
8606,54846455,1
8607,2157403489,1
8608,394623233,1
8609,3254778935,1
8610,2823463355,1
8611,600051532,1
8612,50255866,1
8613,1248751864813846532,1
8614,3359023875,1
8615,215875151,1
8616,1243160053240270851,1
8617,36046493,1
8618,323725880,1
8619,1691908664,1
8620,3225377163,1
8621,20017887,1
8622,303892196,1
8623,88667203,1
8624,3305615817,1
8625,2826271172,1
8626,47626866,1
8627,536610452,1
8628,359978800,1
8629,30179507,1
8630,2456049562,1
8631,309254710,1
8632,29780841,1
8633,271392565,1
8634,1465357886,1
8635,1966364658,1
8636,26051391,1
8637,234492728,1
8638,1449746382,1
8639,235551604,1
8640,2394839707,1
8641,73218253,1
8642,2246026714,1
8643,123101799,1
8644,2267620412,1
8645,1263849123456995338,1
8646,324961234,1
8647,21104509,1
8648,836593334768525314,1
8649,333423105,1
8650,39883350,1
8651,913163414,1
8652,234689255,1
8653,41167915,1
8654,1288237658,1
8655,35441127,1
8656,113740647,1
8657,155337569,1
8658,1224474625,1
8659,773944784364986369,1
8660,574152057,1
8661,3207912279,1
8662,876426662698774528,1
8663,1052573420309757952,1
8664,1164205166486327302,1
8665,815200000342900736,1
8666,1133063628687577090,1
8667,274182265,1
8668,2578544252,1
8669,834818634132316160,1
8670,40545620,1
8671,427296208,1
8672,1238793438,1
8673,30666656,1
8674,382549795,1
8675,16905302,1
8676,132486187,1
8677,1146859316630233088,1
8678,59725719,1
8679,3244453474,1
8680,962457269626724352,1
8681,936887873298731008,1
8682,855460818347069441,1
8683,608371939,1
8684,20809782,1
8685,44982150,1
8686,20189326,1
8687,293461250,1
8688,519834390,1
8689,359318125,1
8690,620841859,1
8691,36356228,1
8692,123806206,1
8693,562222067,1
8694,407323123,1
8695,135535045,1
8696,924583023118602240,1
8697,403536657,1
8698,606224267,1
8699,252519850,1
8700,62615358,1
8701,406953058,1
8702,98596913,1
8703,778906244,1
8704,784084682547793928,1
8705,74847799,1
8706,3207971932,1
8707,758656088870940672,1
8708,1124642113340223488,1
8709,296813494,1
8710,308723521,1
8711,2698013440,1
8712,23480846,1
8713,91452734,1
8714,408842346,1
8715,300916201,1
8716,352370022,1
8717,14146967,1
8718,82081411,1
8719,231550865,1
8720,706054765,1
8721,1160095759691341825,1
8722,222541973,1
8723,935613660,1
8724,823533151792271360,1
8725,53103531,1
8726,305517314,1
8727,130467654,1
8728,3029472345,1
8729,1319619383212318720,1
8730,2260516265,1
8731,1339686022565773317,1
8732,4826183650,1
8733,559690885,1
8734,68489844,1
8735,34680425,1
8736,165352324,1
8737,736443103280791552,1
8738,498323378,1
8739,21524511,1
8740,1252560277813506048,1
8741,1236448129,1
8742,902177954330968064,1
8743,1004414396272128001,1
8744,93635218,1
8745,1123261453,1
8746,177089375,1
8747,349769246,1
8748,97211933,1
8749,217161142,1
8750,20357922,1
8751,456867322,1
8752,809353867263676416,1
8753,2572742457,1
8754,393470392,1
8755,793857674,1
8756,104599380,1
8757,34613630,1
8758,15777009,1
8759,2518614643,1
8760,606048085,1
8761,19503074,1
8762,194638439,1
8763,80905334,1
8764,397230528,1
8765,167725928,1
8766,111145079,1
8767,882284462,1
8768,596867533,1
8769,351060125,1
8770,711149095273033728,1
8771,49326548,1
8772,877286688908877824,1
8773,1522344252,1
8774,251706990,1
8775,55697028,1
8776,19857234,1
8777,2569696527,1
8778,4538674647,1
8779,3159110174,1
8780,1329903343939022856,1
8781,955417526049083392,1
8782,927818021263036417,1
8783,2269301638,1
8784,152792725,1
8785,20155554,1
8786,858584700,1
8787,1038133783424364544,1
8788,2951665012,1
8789,322717961,1
8790,1351504500436197376,1
8791,112276599,1
8792,7072802,1
8793,925093012471939073,1
8794,2273721968,1
8795,42632145,1
8796,303887358,1
8797,1230518720482725891,1
8798,1045704935705391106,1
8799,1000531,1
8800,839439881289936898,1
8801,553032142,1
8802,987487128,1
8803,584965179,1
8804,20880619,1
8805,140202914,1
8806,1036213238642475009,1
8807,195336730,1
8808,56785961,1
8809,419736938,1
8810,490426911,1
8811,1331939669165150208,1
8812,200481521,1
8813,57314124,1
8814,489322408,1
8815,11924462,1
8816,2765686391,1
8817,579447461,1
8818,1042770820383367169,1
8819,1254543378479493129,1
8820,19652833,1
8821,1343161220,1
8822,173901063,1
8823,14631622,1
8824,3005453025,1
8825,15710574,1
8826,384651627,1
8827,21211363,1
8828,866677453569359874,1
8829,1077699277655298049,1
8830,51755795,1
8831,103229627,1
8832,434417201,1
8833,20699737,1
8834,91319005,1
8835,429338733,1
8836,1185904590,1
8837,368836617,1
8838,241921501,1
8839,2249633381,1
8840,124444791,1
8841,1222628994740297730,1
8842,2572912310,1
8843,483370526,1
8844,2758353218,1
8845,49558229,1
8846,126405637,1
8847,584989298,1
8848,3403485892,1
8849,1477841190,1
8850,770959537306304512,1
8851,2759688509,1
8852,4115260515,1
8853,296195948,1
8854,37985429,1
8855,432396682,1
8856,1022941330081759233,1
8857,252228306,1
8858,17685565,1
8859,1252494966041034757,1
8860,84084359,1
8861,4788913816,1
8862,1163189834955014149,1
8863,701512076179722244,1
8864,358720204,1
8865,832364441320771585,1
8866,582996207,1
8867,1514355271,1
8868,1255363901618782208,1
8869,2515312581,1
8870,433467386,1
8871,31934843,1
8872,50628631,1
8873,974430824203472896,1
8874,392145558,1
8875,1034745992,1
8876,40095611,1
8877,3526142956,1
8878,189809774,1
8879,313559010,1
8880,278953026,1
8881,3364224724,1
8882,565747540,1
8883,4126191321,1
8884,325169368,1
8885,583100888,1
8886,54939891,1
8887,1173916223509323776,1
8888,48470601,1
8889,258820318,1
8890,208073711,1
8891,68478823,1
8892,45890783,1
8893,3214353536,1
8894,3258258777,1
8895,118703231,1
8896,432048693,1
8897,1928070337,1
8898,2882623781,1
8899,23425693,1
8900,151414976,1
8901,1024964687929200640,1
8902,940593746730725376,1
8903,46988866,1
8904,4819642265,1
8905,234124407,1
8906,22277113,1
8907,3127802675,1
8908,297517989,1
8909,2707735311,1
8910,17581772,1
8911,1071151108901486592,1
8912,80300059,1
8913,37309258,1
8914,17897042,1
8915,3527153237,1
8916,296794554,1
8917,4289461648,1
8918,257369312,1
8919,1105107852316823552,1
8920,15146132,1
8921,424968524,1
8922,243590575,1
8923,954446243153006592,1
8924,305248924,1
8925,182391326,1
8926,938716387,1
8927,19019285,1
8928,1133585251,1
8929,153145264,1
8930,84578569,1
8931,20308839,1
8932,461969639,1
8933,94844044,1
8934,29771239,1
8935,1292545758860840961,1
8936,273907357,1
8937,62000400,1
8938,21095084,1
8939,277484739,1
8940,345830322,1
8941,189658777,1
8942,469122700,1
8943,359957109,1
8944,732892422615773189,1
8945,944353158859513858,1
8946,703978656,1
8947,16827886,1
8948,78399975,1
8949,526487237,1
8950,3130078985,1
8951,40072128,1
8952,4447304663,1
8953,372170012,1
8954,455101713,1
8955,1110117256661532672,1
8956,220440168,1
8957,55884591,1
8958,429150144,1
8959,243235561,1
8960,993458187692134400,1
8961,36943410,1
8962,241524007,1
8963,1855399650,1
8964,1284495571034812416,1
8965,50772282,1
8966,283606443,1
8967,492646366,1
8968,49017117,1
8969,960299369940561923,1
8970,39283553,1
8971,180789927,1
8972,2842494641,1
8973,1019007093532176384,1
8974,1368469327,1
8975,426502131,1
8976,139161137,1
8977,772117508,1
8978,3246786639,1
8979,882630151,1
8980,980784319416369157,1
8981,309213646,1
8982,47904438,1
8983,83693587,1
8984,1382444683,1
8985,1354209331,1
8986,227635524,1
8987,1251748387,1
8988,463253480,1
8989,855309764,1
8990,1005801392110559233,1
8991,169152447,1
8992,208706016,1
8993,1150478790289776640,1
8994,88212137,1
8995,34555647,1
8996,487779089,1
8997,20822604,1
8998,756991376,1
8999,141158146,1
9000,346685650,1
9001,354193643,1
9002,1087730735539277825,1
9003,1084338846,1
9004,336122663,1
9005,1279897804362694656,1
9006,577098871,1
9007,31195288,1
9008,1242425799338332160,1
9009,3090356785,1
9010,916724821,1
9011,53084414,1
9012,206356259,1
9013,3630233788,1
9014,346745166,1
9015,133026589,1
9016,434781005,1
9017,228467102,1
9018,19667396,1
9019,74140468,1
9020,2171941577,1
9021,29486174,1
9022,380861974,1
9023,85292672,1
9024,49406203,1
9025,3202457583,1
9026,231735360,1
9027,242504498,1
9028,75596354,1
9029,1006733869,1
9030,61195026,1
9031,37720529,1
9032,200531947,1
9033,787745254913019904,1
9034,969310425115394054,1
9035,334859759,1
9036,421086412,1
9037,543539414,1
9038,68762630,1
9039,26719833,1
9040,98615263,1
9041,47098381,1
9042,115736263,1
9043,1093899576329801729,1
9044,2966456615,1
9045,4832395215,1
9046,35012760,1
9047,796320236660203520,1
9048,97256219,1
9049,2202135829,1
9050,1122634425555202048,1
9051,16662840,1
9052,514326878,1
9053,1303638514370785281,1
9054,3001371275,1
9055,56082688,1
9056,3413453499,1
9057,2154651958,1
9058,49926506,1
9059,751766982622605312,1
9060,20139932,1
9061,2647797707,1
9062,177526716,1
9063,303441069,1
9064,473327484,1
9065,785902674675982336,1
9066,40292271,1
9067,260805049,1
9068,25488969,1
9069,1125873902339743744,1
9070,223159984,1
9071,2418410410,1
9072,34717410,1
9073,30844718,1
9074,232556539,1
9075,322121821,1
9076,612989413,1
9077,397504968,1
9078,706929120,1
9079,21186270,1
9080,231202364,1
9081,2456170601,1
9082,217573752,1
9083,137123968,1
9084,865967090,1
9085,523738395,1
9086,241206555,1
9087,1163819130018861056,1
9088,1092435603289985024,1
9089,15651101,1
9090,87173502,1
9091,32105478,1
9092,954500177649336320,1
9093,178670267,1
9094,2762687873,1
9095,1933944566,1
9096,629556811,1
9097,3121269175,1
9098,45918807,1
9099,3002075739,1
9100,1262072341472972800,1
9101,1334157900,1
9102,178520293,1
9103,305045026,1
9104,24195722,1
9105,1244179241534709761,1
9106,72332210,1
9107,14512188,1
9108,1174704472234348545,1
9109,62601612,1
9110,77446083,1
9111,722382266,1
9112,2540701623,1
9113,611883551,1
9114,4026902417,1
9115,19596245,1
9116,865933330709188608,1
9117,535882546,1
9118,420233416,1
9119,1100904252,1
9120,59187383,1
9121,456039866,1
9122,74569477,1
9123,1283069839167434752,1
9124,23318794,1
9125,1037121169210716160,1
9126,58861548,1
9127,538935975,1
9128,816238800569507842,1
9129,956564205368463361,1
9130,259870793,1
9131,1244584988701528066,1
9132,2964462305,1
9133,259975817,1
9134,3394498419,1
9135,3191788035,1
9136,466526948,1
9137,817848265760772101,1
9138,18808363,1
9139,373902967,1
9140,1350511691600171009,1
9141,202281485,1
9142,342832696,1
9143,2809954121,1
9144,302463579,1
9145,2946539997,1
9146,615612603,1
9147,1026933220519161856,1
9148,102100570,1
9149,2759994504,1
9150,21511220,1
9151,3306490835,1
9152,1179016444165722115,1
9153,1110983848987373572,1
9154,25481612,1
9155,193239000,1
9156,939584081775427585,1
9157,633921085,1
9158,125196275,1
9159,1035626716717305857,1
9160,20844990,1
9161,813915823,1
9162,121402892,1
9163,2158936398,1
9164,108688850,1
9165,850757424,1
9166,241231816,1
9167,584138921,1
9168,103888584,1
9169,138896161,1
9170,3236400177,1
9171,883370784936407040,1
9172,463168955,1
9173,964539342,1
9174,58811513,1
9175,2352974697,1
9176,23235845,1
9177,211300409,1
9178,945925357886234624,1
9179,744181057239584768,1
9180,20171071,1
9181,768915660701175808,1
9182,151031629,1
9183,1539359497,1
9184,60913588,1
9185,3588363981,1
9186,935447246,1
9187,1204311564100276225,1
9188,452101082,1
9189,124420483,1
9190,914845766845452288,1
9191,20666409,1
9192,292959082,1
9193,1037443172,1
9194,434046327,1
9195,329032250,1
9196,20227548,1
9197,325677130,1
9198,781959283,1
9199,79221313,1
9200,20845242,1
9201,712101992,1
9202,35434302,1
9203,104975414,1
9204,143564821,1
9205,2385703663,1
9206,19350294,1
9207,498753368,1
9208,3064476232,1
9209,50811883,1
9210,489338154,1
9211,2534421855,1
9212,1076350423,1
9213,725377777168470016,1
9214,757723674,1
9215,266772395,1
9216,2420271662,1
9217,135894893,1
9218,213377440,1
9219,194341255,1
9220,1510231285,1
9221,27131501,1
9222,3979937417,1
9223,1513794140,1
9224,1317070333925609473,1
9225,233163847,1
9226,27064871,1
9227,247220326,1
9228,163796186,1
9229,93148387,1
9230,2569649538,1
9231,14710921,1
9232,610080780,1
9233,248316217,1
9234,3302230942,1
9235,222187732,1
9236,3018338721,1
9237,361120451,1
9238,920145826382602241,1
9239,62490908,1
9240,3386421693,1
9241,1131276200045948929,1
9242,38503179,1
9243,48077407,1
9244,20182789,1
9245,1289106076747653122,1
9246,69416052,1
9247,757676119550226432,1
9248,68433144,1
9249,723772913317498880,1
9250,58487813,1
9251,870537931,1
9252,3420835185,1
9253,3383282073,1
9254,28145636,1
9255,866079042,1
9256,45385921,1
9257,210904437,1
9258,2895512531,1
9259,1209798396,1
9260,1015356863775498241,1
9261,586944776,1
9262,1027528562633572352,1
9263,1267686097,1
9264,20390884,1
9265,1009411262,1
9266,30660084,1
9267,892901382,1
9268,1285385828349476867,1
9269,879992165757308929,1
9270,543786045,1
9271,22022476,1
9272,299034878,1
9273,785220159640330240,1
9274,399473941,1
9275,3027585678,1
9276,525578684,1
9277,154261186,1
9278,479884774,1
9279,234872111,1
9280,1144238659199258625,1
9281,768586986940669952,1
9282,136380988,1
9283,1352923206,1
9284,250364645,1
9285,1725532495,1
9286,253634085,1
9287,562054066,1
9288,2304412093,1
9289,2554499278,1
9290,871420970363441162,1
9291,881889607608139777,1
9292,416969266,1
9293,184215530,1
9294,886244852,1
9295,155519049,1
9296,395314760,1
9297,2385515741,1
9298,631936570,1
9299,2508512153,1
9300,33174405,1
9301,712035806257532929,1
9302,1430697150,1
9303,57419107,1
9304,486951680,1
9305,1264245428557668352,1
9306,16070227,1
9307,15389449,1
9308,98972778,1
9309,201182821,1
9310,21104097,1
9311,1549146110,1
9312,159616119,1
9313,1022518816289513475,1
9314,105158990,1
9315,553526142,1
9316,335821452,1
9317,115783827,1
9318,130575601,1
9319,21892045,1
9320,531998431,1
9321,235255410,1
9322,407005708,1
9323,374175643,1
9324,437388986,1
9325,706957706951860224,1
9326,96792190,1
9327,1264301673201242113,1
9328,2835761,1
9329,4891850176,1
9330,228214702,1
9331,24750551,1
9332,1160306562663165962,1
9333,4045055440,1
9334,731120380128182272,1
9335,1141991296611102722,1
9336,420452332,1
9337,1004207863,1
9338,405550114,1
9339,167908733,1
9340,24045632,1
9341,19364242,1
9342,1034640110,1
9343,1158268663482523648,1
9344,3308188671,1
9345,764142769459830784,1
9346,234088345,1
9347,257531689,1
9348,1304034970701303808,1
9349,850052757688123392,1
9350,20663255,1
9351,266081348,1
9352,220354016,1
9353,30090823,1
9354,3077795654,1
9355,56967483,1
9356,351872636,1
9357,2968424799,1
9358,376397893,1
9359,55556109,1
9360,20045552,1
9361,108352790,1
9362,966978596,1
9363,26272029,1
9364,1241718264977395712,1
9365,218233839,1
9366,2317393201,1
9367,26624535,1
9368,2833577826,1
9369,331894594,1
9370,2208609395,1
9371,3631355717,1
9372,51484172,1
9373,98776893,1
9374,701523978939142144,1
9375,95489255,1
9376,1864767702,1
9377,2466690880,1
9378,1085251252525694977,1
9379,218934365,1
9380,186772850,1
9381,816030596979888132,1
9382,932340828,1
9383,366578363,1
9384,1113895888999657472,1
9385,20784159,1
9386,534843483,1
9387,40260793,1
9388,25501347,1
9389,19735943,1
9390,437341427,1
9391,148706480,1
9392,236496577,1
9393,43318165,1
9394,847075122,1
9395,23191900,1
9396,712229576219496448,1
9397,1710896497,1
9398,393629407,1
9399,563104567,1
9400,814798646,1
9401,3076756605,1
9402,323467507,1
9403,33218563,1
9404,1538021172,1
9405,1243922358827659264,1
9406,848940169327759360,1
9407,2562231234,1
9408,213644552,1
9409,2379765465,1
9410,260346685,1
9411,1069695612826849281,1
9412,324328872,1
9413,21894639,1
9414,249258586,1
9415,576995601,1
9416,2973537670,1
9417,25359003,1
9418,197728942,1
9419,392685905,1
9420,141254072,1
9421,841714660768415747,1
9422,199073377,1
9423,133887243,1
9424,2955600399,1
9425,508707283,1
9426,16590599,1
9427,974333729698209798,1
9428,270267498,1
9429,1304128193054597120,1
9430,431050044,1
9431,110389777,1
9432,1314369019,1
9433,43504645,1
9434,112649586,1
9435,20092146,1
9436,1210140807191248896,1
9437,300144192,1
9438,598168505,1
9439,19679318,1
9440,41445483,1
9441,795695648184078337,1
9442,21083232,1
9443,313519944,1
9444,20042756,1
9445,1050162230,1
9446,41560467,1
9447,2573549367,1
9448,228812377,1
9449,1099372828296654848,1
9450,1369885238,1
9451,21604474,1
9452,31000882,1
9453,154269239,1
9454,19561302,1
9455,14585019,1
9456,195133926,1
9457,88988956,1
9458,1294310018582552581,1
9459,726008767,1
9460,198642647,1
9461,478815924,1
9462,866288584088854529,1
9463,72028058,1
9464,173384130,1
9465,734753886687354880,1
9466,23121809,1
9467,455659658,1
9468,3129769679,1
9469,88005780,1
9470,20529048,1
9471,740493824426926080,1
9472,3293152455,1
9473,227139950,1
9474,495336314,1
9475,1161390072,1
9476,4897242569,1
9477,1320832471345307650,1
9478,22968299,1
9479,353629390,1
9480,20515409,1
9481,1221408219236642816,1
9482,72590033,1
9483,14242774,1
9484,2583946550,1
9485,171139333,1
9486,385548014,1
9487,877620230,1
9488,870748649428582401,1
9489,3197303571,1
9490,2990349335,1
9491,197591333,1
9492,3662912121,1
9493,2460637996,1
9494,20636297,1
9495,375316789,1
9496,324050564,1
9497,21986432,1
9498,20527989,1
9499,2358534553,1
9500,2638594246,1
9501,806852413,1
9502,418587847,1
9503,980597649442209800,1
9504,45559152,1
9505,363935827,1
9506,55533577,1
9507,243839642,1
9508,200551494,1
9509,295909141,1
9510,62130620,1
9511,620372159,1
9512,196718306,1
9513,3222297845,1
9514,579300579,1
9515,255663658,1
9516,1361971274,1
9517,1908990877,1
9518,197724659,1
9519,32124448,1
9520,920016169,1
9521,431614229,1
9522,94433005,1
9523,3045811416,1
9524,907274903656771584,1
9525,1474578896,1
9526,20043526,1
9527,164668231,1
9528,124275110,1
9529,718891588638937088,1
9530,3214101849,1
9531,466547975,1
9532,1015931971040661504,1
9533,559510260,1
9534,26553495,1
9535,62496611,1
9536,302557620,1
9537,521536895,1
9538,113763127,1
9539,222235804,1
9540,21755466,1
9541,2226813784,1
9542,115752531,1
9543,268135481,1
9544,1219519752,1
9545,24233401,1
9546,19438995,1
9547,1443871195,1
9548,2330581886,1
9549,1225824835,1
9550,321961533,1
9551,2782334956,1
9552,14680246,1
9553,37615606,1
9554,3105375658,1
9555,37241827,1
9556,288819478,1
9557,1124081768053841920,1
9558,827256021663952901,1
9559,1524829166,1
9560,926885237182861312,1
9561,960922190,1
9562,1133955530,1
9563,22794506,1
9564,30943833,1
9565,32452203,1
9566,419854304,1
9567,1372989949,1
9568,144879158,1
9569,1067184222572556289,1
9570,977980675654643713,1
9571,2892478666,1
9572,954399102414000128,1
9573,85691628,1
9574,2375254951,1
9575,2258978152,1
9576,3179636229,1
9577,14446574,1
9578,853302598958542848,1
9579,1675772708,1
9580,2167073549,1
9581,864404623,1
9582,921400225046155264,1
9583,1166006727361347586,1
9584,280040117,1
9585,779769464485208064,1
9586,1140748830,1
9587,1231933918284263426,1
9588,1681211466,1
9589,2184998921,1
9590,136009610,1
9591,1955037134,1
9592,432235684,1
9593,27521114,1
9594,766612648704221188,1
9595,20900740,1
9596,789142220,1
9597,15585364,1
9598,85147322,1
9599,776169815002193920,1
9600,45031681,1
9601,843534598105710596,1
9602,43956801,1
9603,265254747,1
9604,73454767,1
9605,770522461679054850,1
9606,312789011,1
9607,3405984730,1
9608,61851998,1
9609,457367868,1
9610,1868225274,1
9611,1170315166417850369,1
9612,37652415,1
9613,2851639594,1
9614,290438602,1
9615,329918811,1
9616,1700159000,1
9617,1041432453683007488,1
9618,20268440,1
9619,1152457692172234752,1
9620,307296842,1
9621,19492486,1
9622,483846201,1
9623,499590887,1
9624,22649612,1
9625,574717174,1
9626,271860721,1
9627,317356748,1
9628,64359745,1
9629,113000353,1
9630,26035809,1
9631,965615095089856514,1
9632,18819985,1
9633,2386351941,1
9634,2255188087,1
9635,21560838,1
9636,19972742,1
9637,138997922,1
9638,176039399,1
9639,1099372567704547329,1
9640,1352945908376334336,1
9641,21912325,1
9642,1659904591,1
9643,69884642,1
9644,85546620,1
9645,783689035407560704,1
9646,1042098257814544386,1
9647,241879884,1
9648,10553402,1
9649,557798237,1
9650,749051719,1
9651,203995558,1
9652,296439521,1
9653,2973229971,1
9654,45249671,1
9655,535496247,1
9656,137819781,1
9657,21470723,1
9658,102023574,1
9659,1115437423,1
9660,55549824,1
9661,199419854,1
9662,937088442,1
9663,20040855,1
9664,1303240192309026816,1
9665,853328105003511809,1
9666,326033983,1
9667,500229454,1
9668,352305964,1
9669,19123088,1
9670,789565379202908160,1
9671,34734505,1
9672,43529843,1
9673,1417354003,1
9674,454476737,1
9675,915172922746130432,1
9676,171646977,1
9677,320705144,1
9678,1166707554,1
9679,2644915526,1
9680,352182145,1
9681,632786991,1
9682,722203055404511232,1
9683,294421438,1
9684,21249174,1
9685,977719384952229889,1
9686,1434127741,1
9687,242677527,1
9688,304612846,1
9689,900157982,1
9690,2277284223,1
9691,270877480,1
9692,18219714,1
9693,431463862,1
9694,1212920041,1
9695,509931458,1
9696,2552727344,1
9697,129199065,1
9698,441945185,1
9699,52257328,1
9700,78919342,1
9701,33183740,1
9702,1033708200829300737,1
9703,262320150,1
9704,42372040,1
9705,394215640,1
9706,194266924,1
9707,282294675,1
9708,469241042,1
9709,234504200,1
9710,591741496,1
9711,461423230,1
9712,334644815,1
9713,2164602536,1
9714,552859715,1
9715,353155994,1
9716,2655084306,1
9717,1174607415020544005,1
9718,18311206,1
9719,263151309,1
9720,498089684,1
9721,2708751350,1
9722,227080831,1
9723,280231559,1
9724,1491296078,1
9725,20374492,1
9726,455115804,1
9727,94205860,1
9728,1211391555128324097,1
9729,3647603478,1
9730,903804133,1
9731,2328824307,1
9732,219615900,1
9733,829666357843202048,1
9734,110380058,1
9735,158314647,1
9736,787993030875815937,1
9737,2494459677,1
9738,197857067,1
9739,367332167,1
9740,1162293362109628421,1
9741,119403934,1
9742,80372953,1
9743,1658425278,1
9744,245458320,1
9745,201013806,1
9746,879993550582296576,1
9747,3245038259,1
9748,1197942043,1
9749,877243386373300239,1
9750,760987123,1
9751,24410918,1
9752,906276789764444160,1
9753,2425401904,1
9754,560571706,1
9755,2770245485,1
9756,20917956,1
9757,876923466385174528,1
9758,44614551,1
9759,201399937,1
9760,290550568,1
9761,25723879,1
9762,824306199747264513,1
9763,950163753181630465,1
9764,25847755,1
9765,95455195,1
9766,1148885055688912896,1
9767,406974626,1
9768,317151085,1
9769,245806597,1
9770,466450602,1
9771,263363762,1
9772,444102572,1
9773,1242166287767388165,1
9774,2314663480,1
9775,2863604639,1
9776,153453554,1
9777,266675411,1
9778,292818693,1
9779,916754952265043968,1
9780,2822728802,1
9781,1258176151,1
9782,54514828,1
9783,56488781,1
9784,1342575150,1
9785,16905592,1
9786,2265650296,1
9787,1261232306712428544,1
9788,392955646,1
9789,341442121,1
9790,754262124990431233,1
9791,2988197549,1
9792,184088481,1
9793,66449113,1
9794,471619937,1
9795,22637465,1
9796,343631821,1
9797,2899607710,1
9798,136012204,1
9799,4860730347,1
9800,108095054,1
9801,3308122557,1
9802,731605622,1
9803,182753160,1
9804,49767314,1
9805,302877397,1
9806,222392734,1
9807,304269773,1
9808,2668789001,1
9809,701106752,1
9810,205161303,1
9811,186760817,1
9812,1283493523254370305,1
9813,1426018472,1
9814,22146536,1
9815,19388264,1
9816,1273519554585649152,1
9817,20811374,1
9818,29076337,1
9819,991654996264521729,1
9820,1010653033364164608,1
9821,857956759,1
9822,21762331,1
9823,276192297,1
9824,740069187746430976,1
9825,1230046422222954497,1
9826,577363094,1
9827,265342804,1
9828,22158959,1
9829,737199859,1
9830,995029088,1
9831,57647359,1
9832,1441974499,1
9833,21808876,1
9834,871063869346770945,1
9835,18693067,1
9836,1352291019740610568,1
9837,195933870,1
9838,21041625,1
9839,3131338163,1
9840,431933492,1
9841,87986691,1
9842,3024745947,1
9843,39473796,1
9844,2415754385,1
9845,334753503,1
9846,168162721,1
9847,871691506427584512,1
9848,3620915415,1
9849,527928321,1
9850,351120014,1
9851,3436653298,1
9852,21562617,1
9853,188511021,1
9854,18883831,1
9855,595627104,1
9856,456976916,1
9857,1586190673,1
9858,932677631752974336,1
9859,970650858,1
9860,20105751,1
9861,2450428750,1
9862,139101901,1
9863,40987018,1
9864,37644321,1
9865,34494454,1
9866,3438519371,1
9867,2940664701,1
9868,999994792166780928,1
9869,224738687,1
9870,888708367,1
9871,245746982,1
9872,258988637,1
9873,83919552,1
9874,377023278,1
9875,588155557,1
9876,2975400509,1
9877,91113505,1
9878,120789095,1
9879,130263006,1
9880,1116646332628914176,1
9881,2944490277,1
9882,128265469,1
9883,72657468,1
9884,2586048048,1
9885,25400600,1
9886,1124674696107253760,1
9887,594860407,1
9888,338569516,1
9889,309865511,1
9890,52102293,1
9891,854666575001079809,1
9892,711148116,1
9893,843591272,1
9894,317000991,1
9895,49589432,1
9896,16840466,1
9897,3257621,1
9898,2700213681,1
9899,4013159121,1
9900,407089888,1
9901,787760330512461828,1
9902,303277006,1
9903,291353887,1
9904,37900556,1
9905,288190152,1
9906,962255460677177344,1
9907,1244971411640377345,1
9908,141096799,1
9909,701180130,1
9910,19236396,1
9911,129139496,1
9912,30544394,1
9913,343993263,1
9914,746804408860704768,1
9915,351203422,1
9916,31401996,1
9917,148268135,1
9918,1479465499,1
9919,1702421540,1
9920,4919677689,1
9921,19909430,1
9922,1057596096128671744,1
9923,24671772,1
9924,43920887,1
9925,15812690,1
9926,305864103,1
9927,1230519403562795009,1
9928,2778174025,1
9929,873948557832749058,1
9930,2941908467,1
9931,255540991,1
9932,1041772604430995457,1
9933,259242201,1
9934,1093270593905016832,1
9935,884441562394103809,1
9936,263278951,1
9937,2659875410,1
9938,64401320,1
9939,305128472,1
9940,1380339775,1
9941,334809756,1
9942,728575411261706240,1
9943,270664649,1
9944,27206560,1
9945,2359087714,1
9946,57791848,1
9947,551739167,1
9948,1174739472,1
9949,1334406835,1
9950,1915431637,1
9951,241129314,1
9952,3091373566,1
9953,993132177117384704,1
9954,81440998,1
9955,620321656,1
9956,32330085,1
9957,1433241182,1
9958,18228424,1
9959,1195446685,1
9960,17425883,1
9961,513360166,1
9962,1015011031,1
9963,831044532,1
9964,231055377,1
9965,367360583,1
9966,287269132,1
9967,1083667759693787137,1
9968,1132660214732337152,1
9969,14717531,1
9970,829685651071180802,1
9971,2962167454,1
9972,1245668126638866433,1
9973,79599967,1
9974,3297217592,1
9975,1590576697,1
9976,460389094,1
9977,1066415736795684864,1
9978,2883061907,1
9979,20914502,1
9980,60011156,1
9981,219052043,1
9982,1187424835942703106,1
9983,1224742906847748096,1
9984,840984201717534720,1
9985,228017227,1
9986,2842529800,1
9987,296314959,1
9988,3283753844,1
9989,208421436,1
9990,1471610246,1
9991,391593700,1
9992,46950787,1
9993,49378157,1
9994,23472097,1
9995,396162755,1
9996,14953306,1
9997,1548812912,1
9998,387768429,1
9999,890445151,1
10000,1076197803666427904,1
10001,1298470638,1
10002,1079421944,1
10003,1245790744411090944,1
10004,346753922,1
10005,57885770,1
10006,1301188199117737986,1
10007,1158396160672960513,1
10008,15406361,1
10009,133044355,1
10010,380613356,1
10011,402326462,1
10012,304297664,1
10013,120533475,1
10014,3165042581,1
10015,234755931,1
10016,1150280945204891658,1
10017,276563474,1
10018,1187685892774862850,1
10019,19860989,1
10020,28312717,1
10021,967854922162163712,1
10022,46865483,1
10023,26078625,1
10024,231232305,1
10025,179049641,1
10026,41871315,1
10027,1319227240052367363,1
10028,550819187,1
10029,3025291205,1
10030,26975393,1
10031,1053263108553277440,1
10032,78135993,1
10033,143037247,1
10034,576594535,1
10035,2846493088,1
10036,207471475,1
10037,491380096,1
10038,3006414239,1
10039,78711966,1
10040,19443658,1
10041,1354715412198551552,1
10042,139762639,1
10043,1110102774,1
10044,19085780,1
10045,1269178634272677888,1
10046,305503504,1
10047,2310366348,1
10048,20102511,1
10049,66078507,1
10050,883263316063387649,1
10051,2183231838,1
10052,19857369,1
10053,1268273670146965506,1
10054,20585329,1
10055,2679817461,1
10056,254949579,1
10057,4481843248,1
10058,52691871,1
10059,842347133156114432,1
10060,148391933,1
10061,39457143,1
10062,3367370709,1
10063,1880269184,1
10064,1008648242,1
10065,580172534,1
10066,914944482684100608,1
10067,745929945315221504,1
10068,240722656,1
10069,296482343,1
10070,418039526,1
10071,303257355,1
10072,1018284169,1
10073,1519197918,1
10074,117453556,1
10075,103560618,1
10076,305755261,1
10077,407980773,1
10078,22066367,1
10079,35766641,1
10080,49673016,1
10081,615568123,1
10082,1046426303640014848,1
10083,309565759,1
10084,55178444,1
10085,15480520,1
10086,336697343,1
10087,240390937,1
10088,19159382,1
10089,1213091971348094976,1
10090,1084868661314310145,1
10091,790162706,1
10092,746689772391927808,1
10093,1159060220422893568,1
10094,949912893729931264,1
10095,2250041615,1
10096,2397508810,1
10097,488679551,1
10098,15169779,1
10099,1143185313495470080,1
10100,23446239,1
10101,2249761263,1
10102,560335816,1
10103,138555198,1
10104,24227914,1
10105,308700182,1
10106,311505806,1
10107,3115777557,1
10108,104459462,1
10109,1092309221289414656,1
10110,190401259,1
10111,210208188,1
10112,234763062,1
10113,220319531,1
10114,1348433407282393092,1
10115,313962231,1
10116,1099581431930597376,1
10117,553458508,1
10118,3796137142,1
10119,194914850,1
10120,54977303,1
10121,19876612,1
10122,2874089666,1
10123,21566387,1
10124,41793283,1
10125,368668694,1
10126,1423904538,1
10127,130441307,1
10128,51039803,1
10129,129319051,1
10130,47932459,1
10131,223179548,1
10132,415495240,1
10133,836276426,1
10134,586907640,1
10135,2268673815,1
10136,2194316683,1
10137,26365572,1
10138,4332556275,1
10139,854981778,1
10140,572373359,1
10141,229845846,1
10142,895058978190884864,1
10143,212733354,1
10144,329809105,1
10145,215753604,1
10146,352349011,1
10147,1324971750623498240,1
10148,44419524,1
10149,34611943,1
10150,87252584,1
10151,780475836,1
10152,2299987059,1
10153,3075794603,1
10154,719331925442301952,1
10155,2623031806,1
10156,18717482,1
10157,209107585,1
10158,169642378,1
10159,285761695,1
10160,27080832,1
10161,3418603930,1
10162,1004525070952402954,1
10163,3402685042,1
10164,1280432607671521282,1
10165,203236351,1
10166,54107783,1
10167,1096842451413807105,1
10168,142569905,1
10169,899341795984891905,1
10170,22796784,1
10171,14060966,1
10172,23581458,1
10173,172098802,1
10174,3073218897,1
10175,267916765,1
10176,1447643010,1
10177,277068533,1
10178,1003752272520732674,1
10179,89775046,1
10180,1254085182442876928,1
10181,58210128,1
10182,948779723383099392,1
10183,1240363184076328961,1
10184,463646751,1
10185,216108413,1
10186,800914016,1
10187,911267446996262912,1
10188,39119461,1
10189,916211564067377152,1
10190,61517258,1
10191,4197610654,1
10192,1038076433233526790,1
10193,447193141,1
10194,1659383023,1
10195,776753497266061312,1
10196,203140206,1
10197,740622427466649600,1
10198,747040118,1
10199,79220346,1
10200,1609910551,1
10201,1164529362324115459,1
10202,457942611,1
10203,182145470,1
10204,3063971140,1
10205,877844919276236801,1
10206,133676971,1
10207,1049305812936605696,1
10208,244891189,1
10209,614617945,1
10210,302774462,1
10211,43370548,1
10212,86619322,1
10213,21203465,1
10214,66331931,1
10215,2183361015,1
10216,957333661,1
10217,88788388,1
10218,3429650727,1
10219,1388134291,1
10220,944199788081369088,1
10221,55084746,1
10222,1644792272,1
10223,898167979,1
10224,32170440,1
10225,376115368,1
10226,15843576,1
10227,1122522920436273152,1
10228,927896469121748993,1
10229,277584506,1
10230,21715856,1
10231,19364487,1
10232,27309573,1
10233,2196851228,1
10234,186409281,1
10235,24923565,1
10236,154268801,1
10237,733314776504401920,1
10238,308685563,1
10239,1289009533,1
10240,517886037,1
10241,311031429,1
10242,719222272914022400,1
10243,21769986,1
10244,72687807,1
10245,283045538,1
10246,161029523,1
10247,999631487166271488,1
10248,282933813,1
10249,19436037,1
10250,752528018296414208,1
10251,20997933,1
10252,354438732,1
10253,310815719,1
10254,557216097,1
10255,163454453,1
10256,720930114016571392,1
10257,618286505,1
10258,108734382,1
10259,1232249389244133377,1
10260,3186628827,1
10261,1086978081015902209,1
10262,349259122,1
10263,2330712710,1
10264,20385891,1
10265,287877901,1
10266,20102662,1
10267,82926924,1
10268,3063317981,1
10269,819153270929297409,1
10270,360593409,1
10271,20642584,1
10272,24958679,1
10273,713258929317392384,1
10274,270461605,1
10275,46193,1
10276,498666818,1
10277,210157398,1
10278,826910100484943873,1
10279,774273840042041344,1
10280,3807745935,1
10281,15822943,1
10282,831229233905164289,1
10283,1585082558,1
10284,248597431,1
10285,2980988093,1
10286,198155943,1
10287,990582241578405888,1
10288,547914945,1
10289,761691630629953537,1
10290,1370077393,1
10291,153118474,1
10292,190383960,1
10293,202270029,1
10294,711165258,1
10295,1000295568793587713,1
10296,527436749,1
10297,1979578376,1
10298,266572998,1
10299,474252962,1
10300,826910166,1
10301,41640590,1
10302,1175668706401312768,1
10303,1081618254924300290,1
10304,726681812366401537,1
10305,1622759978,1
10306,15024807,1
10307,237380175,1
10308,840239305138290693,1
10309,129605305,1
10310,25084673,1
10311,4526878409,1
10312,19686882,1
10313,1016240630643773440,1
10314,127016648,1
10315,3291002037,1
10316,306656758,1
10317,1557550238,1
10318,1215023226025398280,1
10319,3085061162,1
10320,210031825,1
10321,14140382,1
10322,1340276750325047297,1
10323,229799096,1
10324,1122941801059504129,1
10325,18190488,1
10326,987330588,1
10327,202793267,1
10328,431976202,1
10329,86998136,1
10330,295193397,1
10331,208485648,1
10332,1651352575,1
10333,2883182867,1
10334,1537232563,1
10335,1227179480,1
10336,1030170891269885961,1
10337,20233668,1
10338,1007381720,1
10339,40085626,1
10340,23228139,1
10341,1219633713786621952,1
10342,20393957,1
10343,564527173,1
10344,1325363421609660416,1
10345,607632564,1
10346,375182971,1
10347,14225699,1
10348,2851637950,1
10349,62543875,1
10350,779285943190691840,1
10351,779409599162150912,1
10352,3389606981,1
10353,35701672,1
10354,297368022,1
10355,94085945,1
10356,19457730,1
10357,222198344,1
10358,266194862,1
10359,398113499,1
10360,116504064,1
10361,733565869096243201,1
10362,1250769143072280577,1
10363,513016124,1
10364,84946456,1
10365,25987496,1
10366,79269979,1
10367,1241383245519958017,1
10368,2604534194,1
10369,1308691736,1
10370,942085459295031297,1
10371,394338000,1
10372,180398072,1
10373,960797067508699141,1
10374,55504235,1
10375,359517010,1
10376,2712006762,1
10377,19712162,1
10378,3119762655,1
10379,570313289,1
10380,3341021655,1
10381,719047732476948480,1
10382,45375408,1
10383,2534177861,1
10384,19245478,1
10385,5442302,1
10386,18138636,1
10387,27460698,1
10388,33201619,1
10389,772238995128455168,1
10390,51125397,1
10391,1238451804901384192,1
10392,885530802376855552,1
10393,176878577,1
10394,291065147,1
10395,330103752,1
10396,21019845,1
10397,577305207,1
10398,28823460,1
10399,185424770,1
10400,883822597,1
10401,392199001,1
10402,1125156518,1
10403,1376612263,1
10404,806383,1
10405,499249750,1
10406,987645698,1
10407,34355254,1
10408,272546690,1
10409,1519761937,1
10410,456347549,1
10411,378035722,1
10412,7450462,1
10413,56672133,1
10414,129293635,1
10415,454355898,1
10416,839798766911774720,1
10417,547959218,1
10418,56185842,1
10419,845290121196945408,1
10420,177542446,1
10421,135118969,1
10422,19814289,1
10423,57332140,1
10424,441959421,1
10425,64161812,1
10426,58806083,1
10427,185822972,1
10428,875709863019597824,1
10429,2271128884,1
10430,269919559,1
10431,1127699944285061121,1
10432,203252787,1
10433,479106255,1
10434,1029330096170180608,1
10435,1122406020,1
10436,466886296,1
10437,1154868081245773825,1
10438,1093109091252228096,1
10439,1170661615861161985,1
10440,217124545,1
10441,220723536,1
10442,1520130763,1
10443,267200537,1
10444,99292275,1
10445,16425384,1
10446,174732108,1
10447,328124020,1
10448,1926708937,1
10449,42846017,1
10450,1112760300120489985,1
10451,1621318922,1
10452,330813156,1
10453,1272551450158272513,1
10454,50965489,1
10455,3370624001,1
10456,295670747,1
10457,20303934,1
10458,380926330,1
10459,1274099457253146625,1
10460,1160879357130395649,1
10461,21642806,1
10462,955434298752094208,1
10463,422937199,1
10464,560395915,1
10465,232866031,1
10466,1536283262,1
10467,3418365173,1
10468,14066366,1
10469,2621161192,1
10470,305145880,1
10471,397108549,1
10472,376364404,1
10473,2686937037,1
10474,222591913,1
10475,1236904109770498051,1
10476,434428064,1
10477,329636026,1
10478,404448141,1
10479,51811584,1
10480,1048172213214617601,1
10481,219237973,1
10482,715546248208625664,1
10483,2397775842,1
10484,48429657,1
10485,320137638,1
10486,1161700993840680961,1
10487,241038822,1
10488,2166598977,1
10489,523513491,1
10490,2175852675,1
10491,15742695,1
10492,196143489,1
10493,3331046643,1
10494,1047548704130027521,1
10495,105188645,1
10496,26302288,1
10497,567519667,1
10498,153175230,1
10499,38842966,1
10500,903290743183298565,1
10501,194925352,1
10502,859062420727377920,1
10503,1008766702795051008,1
10504,21951709,1
10505,703998411,1
10506,395913842,1
10507,181310061,1
10508,599193026,1
10509,44870891,1
10510,954956940,1
10511,22208354,1
10512,470451359,1
10513,67620734,1
10514,19533841,1
10515,2433767890,1
10516,17835371,1
10517,1193281649640951811,1
10518,2199273929,1
10519,434081568,1
10520,1460859835,1
10521,1281894787327590402,1
10522,20630230,1
10523,425933917,1
10524,3322689155,1
10525,2147715036,1
10526,173802268,1
10527,4901130713,1
10528,458331885,1
10529,1225628270,1
10530,102967438,1
10531,304048744,1
10532,967941746092134401,1
10533,408572619,1
10534,777690546,1
10535,470553479,1
10536,173958817,1
10537,23491162,1
10538,20319407,1
10539,3234301871,1
10540,361410715,1
10541,18722872,1
10542,63163234,1
10543,911234651523620866,1
10544,73019512,1
10545,842362262,1
10546,1053715204851294208,1
10547,1537345952,1
10548,109534047,1
10549,66483772,1
10550,1326652065716768772,1
10551,1329630782,1
10552,214663562,1
10553,48742354,1
10554,29754796,1
10555,32888967,1
10556,547934592,1
10557,224746753,1
10558,546809017,1
10559,2155727271,1
10560,294607021,1
10561,765216517,1
10562,14342200,1
10563,2343690868,1
10564,21283426,1
10565,22408390,1
10566,44857366,1
10567,86709147,1
10568,751356102437134336,1
10569,2623682650,1
10570,373482712,1
10571,27691030,1
10572,981201946643136513,1
10573,482459450,1
10574,1171386378917154817,1
10575,238729845,1
10576,1219594392807165953,1
10577,1204091075410964480,1
10578,1006572966195363841,1
10579,69621141,1
10580,24376409,1
10581,371579625,1
10582,391378612,1
10583,136298656,1
10584,20362469,1
10585,38524502,1
10586,1254485876542971904,1
10587,1060506867636621312,1
10588,481973391,1
10589,110243921,1
10590,27257195,1
10591,1197483602696638465,1
10592,35801353,1
10593,395874258,1
10594,753727134,1
10595,261284760,1
10596,1131319477084262401,1
10597,26725130,1
10598,221757980,1
10599,818814230531112961,1
10600,37077007,1
10601,3404478543,1
10602,764547859,1
10603,180013616,1
10604,954439250,1
10605,1254709927475589120,1
10606,1046829938953920512,1
10607,15479008,1
10608,54868761,1
10609,2400333918,1
10610,7424492,1
10611,46717780,1
10612,1290949561,1
10613,278350026,1
10614,173434868,1
10615,845282374757879810,1
10616,497469839,1
10617,182318327,1
10618,1196011182882201605,1
10619,27000990,1
10620,359935642,1
10621,19498860,1
10622,20449115,1
10623,888316850089721856,1
10624,21885020,1
10625,111013369,1
10626,874673160213471233,1
10627,23216838,1
10628,255133787,1
10629,53087906,1
10630,295653033,1
10631,3538889115,1
10632,1180373040,1
10633,425252588,1
10634,2961723021,1
10635,2311672068,1
10636,1289147144801267715,1
10637,780455585221316608,1
10638,50625605,1
10639,379907679,1
10640,2154949751,1
10641,92768396,1
10642,1350208365914447881,1
10643,29656523,1
10644,2575002551,1
10645,1094597446276206592,1
10646,2456773782,1
10647,4083907335,1
10648,147222147,1
10649,920855623,1
10650,1143533786312904708,1
10651,187977001,1
10652,2220965052,1
10653,150246627,1
10654,105554642,1
10655,1883157032,1
10656,728907792,1
10657,50635489,1
10658,302691709,1
10659,392173372,1
10660,1301441190097813504,1
10661,21261556,1
10662,21433063,1
10663,611202843,1
10664,2307907206,1
10665,355492470,1
10666,16525112,1
10667,551769692,1
10668,84856940,1
10669,16688028,1
10670,635585589,1
10671,358801904,1
10672,1022885306,1
10673,122429329,1
10674,259432577,1
10675,1135616076170092547,1
10676,348365291,1
10677,301245298,1
10678,44775716,1
10679,525153244,1
10680,700820341,1
10681,495499804,1
10682,735717678527086592,1
10683,270822164,1
10684,207051312,1
10685,593886260,1
10686,618206839,1
10687,308989888,1
10688,2807242265,1
10689,966952585591746560,1
10690,710218581733146624,1
10691,1561129519,1
10692,370110470,1
10693,892429905698447360,1
10694,2609032565,1
10695,1160340883310555138,1
10696,510737928,1
10697,873876605101367296,1
10698,36976520,1
10699,112322037,1
10700,324546302,1
10701,1080896742462312450,1
10702,738700276077596672,1
10703,477995343,1
10704,715126567005982722,1
10705,331104844,1
10706,1227295708950212609,1
10707,230554840,1
10708,1085849401770364928,1
10709,3259760644,1
10710,3512088857,1
10711,169562116,1
10712,275220402,1
10713,1110041544,1
10714,2296903114,1
10715,165723296,1
10716,2260149318,1
10717,202755556,1
10718,4544922941,1
10719,387876033,1
10720,819177552602341376,1
10721,715896873475772416,1
10722,978619672676487169,1
10723,261290324,1
10724,1330875418635866114,1
10725,21216608,1
10726,2164439760,1
10727,459542130,1
10728,1908504494,1
10729,571708889,1
10730,846325087,1
10731,870165295,1
10732,3381554571,1
10733,1267396340956508160,1
10734,95705811,1
10735,605823098,1
10736,177161861,1
10737,57329732,1
10738,625893,1
10739,236999841,1
10740,541660521,1
10741,223433972,1
10742,66138687,1
10743,116866706,1
10744,18118894,1
10745,968442505,1
10746,369197594,1
10747,898142118736211971,1
10748,2163904523,1
10749,1092528322389704706,1
10750,25054969,1
10751,607364443,1
10752,2185224575,1
10753,1177169563517095936,1
10754,223969282,1
10755,305020941,1
10756,2195946331,1
10757,155018892,1
10758,1188905458242936833,1
10759,4183797317,1
10760,782973913,1
10761,50795632,1
10762,1081792603,1
10763,542506254,1
10764,906782705521750017,1
10765,37422290,1
10766,52687989,1
10767,20910404,1
10768,199881211,1
10769,109569704,1
10770,184737141,1
10771,19726234,1
10772,832009537339215872,1
10773,969546235739820032,1
10774,2275176937,1
10775,46226925,1
10776,58155169,1
10777,2669878023,1
10778,244990385,1
10779,2866693765,1
10780,1063525835175542784,1
10781,302873098,1
10782,1241114768783618051,1
10783,23295695,1
10784,791605608,1
10785,1184534670458982401,1
10786,19602195,1
10787,1276987234433077259,1
10788,39008786,1
10789,247833538,1
10790,2407811676,1
10791,255958507,1
10792,158092072,1
10793,1382596800,1
10794,200258403,1
10795,508692204,1
10796,338570852,1
10797,316630986,1
10798,2274553714,1
10799,152759068,1
10800,594037479,1
10801,136424634,1
10802,884056268767453185,1
10803,3028688391,1
10804,1039225489393688577,1
10805,765172181932371968,1
10806,3302504217,1
10807,278529206,1
10808,32372735,1
10809,499168974,1
10810,1915096830,1
10811,95742202,1
10812,1253426439195484167,1
10813,44852133,1
10814,1026863996899606529,1
10815,216481605,1
10816,1257139242,1
10817,37005794,1
10818,4909645803,1
10819,823999623891210240,1
10820,192346490,1
10821,20005001,1
10822,1253741167025455105,1
10823,7396872,1
10824,62876174,1
10825,1026954708,1
10826,288481871,1
10827,180483357,1
10828,360714188,1
10829,56984380,1
10830,353710292,1
10831,760576059435876352,1
10832,2367719278,1
10833,1011713381991149569,1
10834,77534420,1
10835,19963526,1
10836,1147617667,1
10837,562385310,1
10838,2485208317,1
10839,110495842,1
10840,333454523,1
10841,1200287371,1
10842,172851781,1
10843,61183031,1
10844,330895777,1
10845,71629690,1
10846,750788397699047424,1
10847,2500439142,1
10848,26786232,1
10849,548271832,1
10850,209700238,1
10851,110495246,1
10852,192584367,1
10853,3306567796,1
10854,305136277,1
10855,191150500,1
10856,3841420335,1
10857,48657766,1
10858,19488174,1
10859,65097905,1
10860,2163128190,1
10861,60653412,1
10862,1139119376714608640,1
10863,954496312472465409,1
10864,1492369446,1
10865,2245044340,1
10866,543575443,1
10867,50392773,1
10868,598254302,1
10869,35233866,1
10870,274690808,1
10871,752509013636644864,1
10872,4924309701,1
10873,3902245516,1
10874,58590851,1
10875,26270557,1
10876,19581383,1
10877,25094178,1
10878,1356895056,1
10879,300968252,1
10880,777563661439213569,1
10881,363320552,1
10882,96089691,1
10883,18704505,1
10884,341087229,1
10885,2260960041,1
10886,26244634,1
10887,2506999071,1
10888,71824748,1
10889,841624590128418816,1
10890,842288144909234176,1
10891,979041326380519424,1
10892,55655174,1
10893,755085158,1
10894,462734659,1
10895,791588210656813057,1
10896,1017080485393166336,1
10897,1132166143831990272,1
10898,4128520407,1
10899,37851234,1
10900,408464300,1
10901,1143268998685048833,1
10902,93828758,1
10903,17109303,1
10904,3195335629,1
10905,1205420041346453504,1
10906,1239163407699451905,1
10907,1022326007024574464,1
10908,431029373,1
10909,833257052533321728,1
10910,39844734,1
10911,4196719337,1
10912,2350800625,1
10913,141732250,1
10914,240868700,1
10915,342894874,1
10916,1012325044608004108,1
10917,1142723233,1
10918,20320048,1
10919,1123204222730874883,1
10920,2899049243,1
10921,303787532,1
10922,714863383,1
10923,1129323836523130880,1
10924,1046076523877486593,1
10925,25589558,1
10926,98346365,1
10927,713077938,1
10928,467481225,1
10929,2650553327,1
10930,1009893716562206722,1
10931,739849167846133762,1
10932,419473406,1
10933,214990160,1
10934,840586227850072065,1
10935,719660324673208320,1
10936,2166503558,1
10937,1325332663,1
10938,73607873,1
10939,935209468593410048,1
10940,226193789,1
10941,222520402,1
10942,34610345,1
10943,53437803,1
10944,54631277,1
10945,2727606668,1
10946,24394089,1
10947,19561215,1
10948,301684656,1
10949,1185290260785315840,1
10950,4334424796,1
10951,107220277,1
10952,1441602566,1
10953,2474956162,1
10954,64692803,1
10955,1228264748,1
10956,70797522,1
10957,36399427,1
10958,3064944911,1
10959,717493583121612800,1
10960,540153107,1
10961,718149581,1
10962,1086796933442822144,1
10963,634818132,1
10964,457483491,1
10965,1612753021,1
10966,917151622735826944,1
10967,2674925122,1
10968,963430528560005120,1
10969,421434492,1
10970,2925060693,1
10971,423410575,1
10972,295337758,1
10973,360821366,1
10974,1112299515376291845,1
10975,26452172,1
10976,1040961119811239936,1
10977,290118141,1
10978,485731869,1
10979,494031813,1
10980,36155110,1
10981,3971018957,1
10982,494365105,1
10983,216830082,1
10984,19232860,1
10985,341266381,1
10986,863730541,1
10987,20068171,1
10988,460476899,1
10989,452183915,1
10990,107039648,1
10991,201769873,1
10992,109641822,1
10993,11451872,1
10994,2569129194,1
10995,6941102,1
10996,981892176828301312,1
10997,1245706752022151175,1
10998,513026405,1
10999,275233529,1
11000,33465956,1
11001,1217528015468613641,1
11002,1098694073043636227,1
11003,53941245,1
11004,341544267,1
11005,1004288422834507776,1
11006,57784003,1
11007,101337381,1
11008,150779749,1
11009,1686498188,1
11010,2480533765,1
11011,415472140,1
11012,72485754,1
11013,562983753,1
11014,422022445,1
11015,3027261238,1
11016,1163386931918573569,1
11017,835860222707105792,1
11018,603934427,1
11019,56981108,1
11020,737983332215083008,1
11021,27335696,1
11022,40921946,1
11023,121632583,1
11024,1079860191015960577,1
11025,2541381485,1
11026,2813009648,1
11027,970975303,1
11028,100782596,1
11029,2990268915,1
11030,1325076770408828929,1
11031,20877306,1
11032,763645351,1
11033,27908685,1
11034,1188430380,1
11035,19451651,1
11036,71014737,1
11037,1259776351902580736,1
11038,167796523,1
11039,155680317,1
11040,4866528653,1
11041,103239418,1
11042,395812227,1
11043,716187586,1
11044,281511340,1
11045,2874240335,1
11046,304912385,1
11047,66127943,1
11048,484658523,1
11049,20556287,1
11050,35433104,1
11051,80408362,1
11052,842663348722438144,1
11053,45101358,1
11054,886640883638075393,1
11055,744590074399039488,1
11056,1120049082855301122,1
11057,149729453,1
11058,78036510,1
11059,521292488,1
11060,21104144,1
11061,86487408,1
11062,31704088,1
11063,20153238,1
11064,19420062,1
11065,1111259691982688257,1
11066,344532984,1
11067,320905336,1
11068,117195031,1
11069,1248645044,1
11070,790156978064650240,1
11071,356085382,1
11072,798489434509508608,1
11073,29783037,1
11074,19426720,1
11075,830822974613811201,1
11076,28839877,1
11077,100781504,1
11078,336537783,1
11079,3418770965,1
11080,1303328073824206850,1
11081,126590223,1
11082,1039548620582936577,1
11083,79831748,1
11084,194515508,1
11085,18878501,1
11086,120820229,1
11087,50798318,1
11088,1019489485946572800,1
11089,344800746,1
11090,921090146262568960,1
11091,1035576828084281344,1
11092,392871645,1
11093,31381523,1
11094,39973332,1
11095,166235123,1
11096,1052459138851229696,1
11097,245993464,1
11098,1087697152372023297,1
11099,993848220,1
11100,20801600,1
11101,59872227,1
11102,1204864870648147971,1
11103,1252507466912468993,1
11104,2665281619,1
11105,1165657171109064704,1
11106,118799249,1
11107,224139492,1
11108,96915011,1
11109,20358009,1
11110,2152533050,1
11111,1432224276,1
11112,448404441,1
11113,65003718,1
11114,216620036,1
11115,2863783371,1
11116,73920350,1
11117,825254071535857664,1
11118,296090899,1
11119,1600736593,1
11120,709155409618202624,1
11121,877980632953098246,1
11122,1560860017,1
11123,3102873424,1
11124,259917510,1
11125,2370372984,1
11126,152604079,1
11127,388471366,1
11128,260346350,1
11129,94962756,1
11130,54012267,1
11131,23652830,1
11132,34387170,1
11133,1404739944,1
11134,1267076958267064320,1
11135,425160903,1
11136,20669187,1
11137,1095279314168410112,1
11138,198518013,1
11139,1090597517304229889,1
11140,45372777,1
11141,634337026,1
11142,493148210,1
11143,1536244644,1
11144,165070792,1
11145,794667251790151680,1
11146,195350553,1
11147,45434724,1
11148,1123154733781389312,1
11149,359834445,1
11150,788022549846319104,1
11151,25106202,1
11152,777249,1
11153,1197907297143537664,1
11154,749721955,1
11155,697180656573534213,1
11156,168368180,1
11157,20150978,1
11158,937216483,1
11159,333622559,1
11160,620241888,1
11161,87973260,1
11162,610947884,1
11163,215336863,1
11164,588540564,1
11165,990868884487131136,1
11166,253001685,1
11167,32839136,1
11168,365457359,1
11169,354367659,1
11170,1136343643034456064,1
11171,130813652,1
11172,1159040179581202432,1
11173,26482888,1
11174,3903819912,1
11175,2880050034,1
11176,150198913,1
11177,896455129326637056,1
11178,497420500,1
11179,1006158605534613504,1
11180,201753876,1
11181,309099611,1
11182,1121309050409562115,1
11183,103267026,1
11184,728768628,1
11185,20987908,1
11186,30925617,1
11187,4252017616,1
11188,20096795,1
11189,487045166,1
11190,439051799,1
11191,2735204185,1
11192,292561791,1
11193,884087075112439808,1
11194,176098156,1
11195,172373924,1
11196,1272199387733798912,1
11197,2412470200,1
11198,2878299345,1
11199,122690871,1
11200,584148989,1
11201,3325477085,1
11202,2776832051,1
11203,408039410,1
11204,2302944324,1
11205,277243963,1
11206,358460769,1
11207,149651401,1
11208,20665130,1
11209,619195113,1
11210,4322797354,1
11211,1348207889572384769,1
11212,1160717580,1
11213,323905619,1
11214,16927279,1
11215,126106958,1
11216,212943113,1
11217,2731182966,1
11218,359039485,1
11219,20080368,1
11220,2964577995,1
11221,817826846247178241,1
11222,1324639839283806209,1
11223,533389463,1
11224,594967731,1
11225,204872907,1
11226,3245319017,1
11227,1314843596101693440,1
11228,391326375,1
11229,415441307,1
11230,42197293,1
11231,40729698,1
11232,205665364,1
11233,2415378771,1
11234,1336803631266484224,1
11235,4600195401,1
11236,211343974,1
11237,443574387,1
11238,235697053,1
11239,286745605,1
11240,96531860,1
11241,295850893,1
11242,188697185,1
11243,199844764,1
11244,287160987,1
11245,14727569,1
11246,95720778,1
11247,3228640846,1
11248,20037426,1
11249,1058693299,1
11250,21487242,1
11251,1978689720,1
11252,1696904006,1
11253,4914130672,1
11254,130773785,1
11255,2875090557,1
11256,2303309161,1
11257,551319114,1
11258,1299344943845191686,1
11259,152805197,1
11260,801435279093592064,1
11261,842361733,1
11262,47371148,1
11263,55958460,1
11264,2393682790,1
11265,1205179164,1
11266,945517105,1
11267,1004886075121205248,1
11268,16031899,1
11269,1205087995608653830,1
11270,208180372,1
11271,1557923695,1
11272,20978471,1
11273,75025967,1
11274,1183676351674552331,1
11275,711505822,1
11276,402937328,1
11277,779763562692616192,1
11278,374709481,1
11279,147005412,1
11280,82303188,1
11281,25605921,1
11282,354501760,1
11283,4200979408,1
11284,39043103,1
11285,2269427051,1
11286,1023104911,1
11287,37394313,1
11288,309858193,1
11289,87775603,1
11290,23222640,1
11291,991948112213180416,1
11292,559830424,1
11293,118749162,1
11294,2827426264,1
11295,950003936,1
11296,1462645104,1
11297,15995425,1
11298,174275351,1
11299,3892498959,1
11300,3449316027,1
11301,2168813497,1
11302,510384750,1
11303,239405279,1
11304,1452439572,1
11305,3816396447,1
11306,67338022,1
11307,268773101,1
11308,585630996,1
11309,152713253,1
11310,27864131,1
11311,254465189,1
11312,78662635,1
11313,57286738,1
11314,41143275,1
11315,139396785,1
11316,151471717,1
11317,1067460946518581248,1
11318,219842529,1
11319,962429806133567488,1
11320,361438286,1
11321,316537304,1
11322,575613779,1
11323,274026333,1
11324,891044455,1
11325,84831127,1
11326,1693331941,1
11327,600304156,1
11328,389498172,1
11329,286643052,1
11330,294881659,1
11331,901832252467937280,1
11332,383515811,1
11333,41789840,1
11334,997619431,1
11335,2147875296,1
11336,1042003882623287296,1
11337,784469879965483008,1
11338,760794121506328577,1
11339,3172363083,1
11340,1541602387,1
11341,235294705,1
11342,263831163,1
11343,197936109,1
11344,43210379,1
11345,144495886,1
11346,340818330,1
11347,56013548,1
11348,93150553,1
11349,804828181,1
11350,83334948,1
11351,26216514,1
11352,57712406,1
11353,65407544,1
11354,359600736,1
11355,2282036471,1
11356,20435693,1
11357,382327401,1
11358,1022249925248204800,1
11359,56968063,1
11360,13667712,1
11361,515767463,1
11362,63133988,1
11363,705530605,1
11364,302176360,1
11365,23223693,1
11366,2741790796,1
11367,32675240,1
11368,470594794,1
11369,1321855977025667077,1
11370,14080309,1
11371,988486928,1
11372,100098781,1
11373,891126938,1
11374,716607385872240641,1
11375,121587226,1
11376,1163926715372113921,1
11377,24536543,1
11378,980875922,1
11379,611977090,1
11380,917575926,1
11381,967137087630774274,1
11382,19763460,1
11383,80282455,1
11384,20014039,1
11385,2350775712,1
11386,892123688,1
11387,45826103,1
11388,783793910371979264,1
11389,69094123,1
11390,20675200,1
11391,2200867445,1
11392,21400725,1
11393,303959743,1
11394,714192857482018820,1
11395,2321709082,1
11396,1243749506,1
11397,934865167174815744,1
11398,292608852,1
11399,22183360,1
11400,417899067,1
11401,880693154453872641,1
11402,767416545849044992,1
11403,985547522885242880,1
11404,1085963720453443585,1
11405,344925920,1
11406,217531294,1
11407,907212601410703360,1
11408,2966640765,1
11409,294625140,1
11410,2304183190,1
11411,2160658175,1
11412,1346397064742268930,1
11413,196319577,1
11414,497148093,1
11415,2634081279,1
11416,457855508,1
11417,298994139,1
11418,210575024,1
11419,2569405457,1
11420,302785626,1
11421,88711942,1
11422,16966654,1
11423,228921981,1
11424,81329941,1
11425,253167504,1
11426,3254889475,1
11427,144877857,1
11428,2382508013,1
11429,19528479,1
11430,547897513,1
11431,700703472405057536,1
11432,45917521,1
11433,553075622,1
11434,2944197887,1
11435,70731803,1
11436,250908944,1
11437,205815405,1
11438,3136975679,1
11439,20331289,1
11440,1102219980,1
11441,314787052,1
11442,150846674,1
11443,157067838,1
11444,1006428160232185856,1
11445,2273687601,1
11446,251245764,1
11447,209269335,1
11448,2396568601,1
11449,948605462,1
11450,20940110,1
11451,294724585,1
11452,23129375,1
11453,1255568898612658176,1
11454,26003727,1
11455,453897194,1
11456,109909060,1
11457,218637343,1
11458,465737708,1
11459,605705244,1
11460,221779691,1
11461,512429836,1
11462,714440798,1
11463,19991181,1
11464,100965729,1
11465,269359239,1
11466,20904359,1
11467,863436198,1
11468,19533402,1
11469,606893785,1
11470,127979821,1
11471,1214560397748928516,1
11472,93038890,1
11473,21773732,1
11474,159023467,1
11475,1351719913,1
11476,34884943,1
11477,20155093,1
11478,377404301,1
11479,427504316,1
11480,150674282,1
11481,237747357,1
11482,409556233,1
11483,817680229,1
11484,4889114488,1
11485,87902769,1
11486,198981410,1
11487,19507819,1
11488,2716514848,1
11489,233245279,1
11490,23746050,1
11491,604346099,1
11492,164545012,1
11493,3764355557,1
11494,981420394094759939,1
11495,1712737298,1
11496,2288748845,1
11497,52206311,1
11498,604431514,1
11499,444116551,1
11500,733368807612395520,1
11501,43858543,1
11502,41680170,1
11503,1252265199953948675,1
11504,219627275,1
11505,444600073,1
11506,969458642733928448,1
11507,1003620680,1
11508,86470182,1
11509,216391128,1
11510,19445371,1
11511,43216686,1
11512,4228620123,1
11513,354872480,1
11514,561470130,1
11515,3031052802,1
11516,805366998523924480,1
11517,240445632,1
11518,338611153,1
11519,1012105802,1
11520,3622884136,1
11521,25029562,1
11522,228334997,1
11523,65445694,1
11524,1209202482,1
11525,192475841,1
11526,514623920,1
11527,956641539077361671,1
11528,1071882970376613888,1
11529,447071793,1
11530,433684003,1
11531,17988252,1
11532,11186472,1
11533,910984669205803008,1
11534,1319419856,1
11535,410139086,1
11536,188853008,1
11537,580820999,1
11538,578385244,1
11539,14055679,1
11540,78556341,1
11541,916623447018688514,1
11542,398338250,1
11543,232167856,1
11544,244763443,1
11545,20399008,1
11546,2791354576,1
11547,2744475550,1
11548,1115208216563146757,1
11549,2423688021,1
11550,583054676,1
11551,228327357,1
11552,4832754039,1
11553,1580156564,1
11554,355446747,1
11555,985318585533894661,1
11556,113662701,1
11557,716730778,1
11558,706892442,1
11559,1469857050,1
11560,2417512846,1
11561,1139858354,1
11562,231400071,1
11563,562620770,1
11564,56118756,1
11565,808014449982447616,1
11566,40259085,1
11567,1387629547,1
11568,1241116515455381506,1
11569,20225398,1
11570,1299382399290224640,1
11571,2489562388,1
11572,1591779799,1
11573,395045489,1
11574,184599842,1
11575,742798302752690177,1
11576,267968083,1
11577,60092499,1
11578,485762722,1
11579,19566075,1
11580,37621128,1
11581,19486557,1
11582,557589749,1
11583,337943437,1
11584,126635012,1
11585,80171745,1
11586,50112629,1
11587,594797728,1
11588,41194126,1
11589,1321860642064732166,1
11590,1346944866832576514,1
11591,181664164,1
11592,1108822789,1
11593,1105150039377219584,1
11594,427374985,1
11595,816125906318036997,1
11596,118781620,1
11597,1134022841878351872,1
11598,2286737157,1
11599,4697736631,1
11600,115349807,1
11601,3871678042,1
11602,20428767,1
11603,525190831,1
11604,102477112,1
11605,2364404915,1
11606,286829320,1
11607,78237698,1
11608,219670311,1
11609,1282373997796249602,1
11610,209142040,1
11611,365563912,1
11612,20246322,1
11613,82437423,1
11614,145690165,1
11615,371752822,1
11616,853213746218622977,1
11617,30344410,1
11618,367327373,1
11619,87947269,1
11620,548593214,1
11621,575327316,1
11622,2578481432,1
11623,20192677,1
11624,49616403,1
11625,170660980,1
11626,3298380633,1
11627,39997336,1
11628,59455245,1
11629,1170806462471446533,1
11630,53516221,1
11631,211603951,1
11632,500695699,1
11633,251657264,1
11634,948588846,1
11635,941203814,1
11636,2924655649,1
11637,369099113,1
11638,708733145332498432,1
11639,320124983,1
11640,399539393,1
11641,22123492,1
11642,703183668,1
11643,91449381,1
11644,843196131077185536,1
11645,1142544983645466625,1
11646,1596204890,1
11647,2807715279,1
11648,392962597,1
11649,81814790,1
11650,146400134,1
11651,25306502,1
11652,1283892925965967362,1
11653,456200786,1
11654,2244972154,1
11655,22076057,1
11656,1395879229,1
11657,20461495,1
11658,950403409454288899,1
11659,1960409666,1
11660,889737493,1
11661,1124344922973380608,1
11662,422763414,1
11663,541987974,1
11664,234489657,1
11665,82491068,1
11666,191105445,1
11667,295309962,1
11668,411774014,1
11669,145606802,1
11670,959779750234480640,1
11671,293062468,1
11672,246267828,1
11673,478010032,1
11674,3534115336,1
11675,174796881,1
11676,32173262,1
11677,234043472,1
11678,24658031,1
11679,320415974,1
11680,187521468,1
11681,360603786,1
11682,712523129831211009,1
11683,3387816453,1
11684,1273282328190693376,1
11685,756385294711218177,1
11686,3547865361,1
11687,921455707,1
11688,889518804,1
11689,77304020,1
11690,843945667,1
11691,377931889,1
11692,248325424,1
11693,939351912,1
11694,78412260,1
11695,81587422,1
11696,1012330526798241792,1
11697,220459591,1
11698,196615786,1
11699,24343384,1
11700,267279337,1
11701,1013801400332161024,1
11702,233572041,1
11703,33194513,1
11704,6240492,1
11705,208604435,1
11706,207633680,1
11707,21115957,1
11708,454295333,1
11709,932841716,1
11710,1092620652,1
11711,20408557,1
11712,76718245,1
11713,1647218886,1
11714,2513497630,1
11715,17344297,1
11716,357011851,1
11717,400813794,1
11718,21285989,1
11719,96467584,1
11720,56056569,1
11721,1224750901124128768,1
11722,1110677900909527047,1
11723,350166981,1
11724,25518625,1
11725,1279410305005649920,1
11726,301072440,1
11727,84046563,1
11728,151982917,1
11729,87949442,1
11730,1079363871029243904,1
11731,296322618,1
11732,390399848,1
11733,165075254,1
11734,846478429,1
11735,3589620862,1
11736,4882505489,1
11737,1976332944,1
11738,4464113543,1
11739,95952337,1
11740,561135075,1
11741,599918942,1
11742,4663533197,1
11743,483750258,1
11744,937469742541082624,1
11745,705415283993927682,1
11746,1716908340,1
11747,2811738459,1
11748,296423139,1
11749,2892393603,1
11750,52152630,1
11751,21116497,1
11752,789206509163016192,1
11753,247643106,1
11754,1308973842,1
11755,383850517,1
11756,77437434,1
11757,2611998709,1
11758,918796389420761088,1
11759,198938732,1
11760,889804054993534977,1
11761,181314019,1
11762,158118396,1
11763,436139059,1
11764,1657531226,1
11765,20309757,1
11766,1129082363147948033,1
11767,18635512,1
11768,967698129964404736,1
11769,89258442,1
11770,402089369,1
11771,232533742,1
11772,3229247457,1
11773,38632441,1
11774,1046343507429011456,1
11775,244697811,1
11776,1258848212506599425,1
11777,3322262664,1
11778,2458033142,1
11779,1168170509709774849,1
11780,2448008204,1
11781,19673767,1
11782,2211195530,1
11783,61579675,1
11784,241599407,1
11785,483719685,1
11786,700711327019376640,1
11787,23052401,1
11788,29262984,1
11789,2559994153,1
11790,255005832,1
11791,37168241,1
11792,338889248,1
11793,751539129423425536,1
11794,627692538,1
11795,112492796,1
11796,1267696141,1
11797,367842238,1
11798,20431136,1
11799,123611088,1
11800,1009860158690873346,1
11801,23931413,1
11802,942207235,1
11803,1098580692580081664,1
11804,218255654,1
11805,1420596235,1
11806,80608449,1
11807,470529467,1
11808,243212169,1
11809,458607484,1
11810,19488128,1
11811,1181791483,1
11812,320110403,1
11813,951194368056184832,1
11814,422982201,1
11815,1032022669204631553,1
11816,253213946,1
11817,3288912867,1
11818,3004744083,1
11819,2825227189,1
11820,311896693,1
11821,83839299,1
11822,177963410,1
11823,1243872262215929857,1
11824,842078468,1
11825,1339733764759580678,1
11826,576554605,1
11827,121814333,1
11828,834394795309154304,1
11829,514845648,1
11830,138398367,1
11831,4658722815,1
11832,19863441,1
11833,2388871670,1
11834,1141091861962088450,1
11835,27738316,1
11836,1263010482212024320,1
11837,13486,1
11838,103916800,1
11839,126036172,1
11840,1237654470982590465,1
11841,3439002161,1
11842,1391392814,1
11843,628613181,1
11844,223869732,1
11845,57950756,1
11846,287314952,1
11847,34305925,1
11848,362728576,1
11849,71770861,1
11850,3573980357,1
11851,608295849,1
11852,107998653,1
11853,625896725,1
11854,871451349485056000,1
11855,859085802218893312,1
11856,70469915,1
11857,268553652,1
11858,153547886,1
11859,59258298,1
11860,233202851,1
11861,100852315,1
11862,20139706,1
11863,246919834,1
11864,14702043,1
11865,873230576265940994,1
11866,3095877334,1
11867,538520928,1
11868,21120081,1
11869,728321168,1
11870,18799716,1
11871,1287059767773593600,1
11872,1239541543733792768,1
11873,760487531678994432,1
11874,259631726,1
11875,768746351819628544,1
11876,1222185281643741184,1
11877,582144865,1
11878,292550419,1
11879,223625073,1
11880,54559521,1
11881,234410177,1
11882,584764875,1
11883,165106191,1
11884,604730657,1
11885,245284912,1
11886,1157567380496818177,1
11887,188925247,1
11888,755782404,1
11889,849908303534723072,1
11890,131234391,1
11891,221353177,1
11892,227588678,1
11893,2909013953,1
11894,250643893,1
11895,797542572268916736,1
11896,255535920,1
11897,618025700,1
11898,1346945471843950592,1
11899,189513022,1
11900,843534613,1
11901,229238282,1
11902,110563247,1
11903,987596518013235200,1
11904,61725936,1
11905,347162453,1
11906,97736501,1
11907,50268996,1
11908,1336776607156068357,1
11909,900692966,1
11910,1239325333,1
11911,1728535940,1
11912,138801573,1
11913,1342651118,1
11914,257677717,1
11915,2641729907,1
11916,1259505337,1
11917,36635823,1
11918,226720179,1
11919,360237335,1
11920,730490266067578880,1
11921,25312416,1
11922,151838694,1
11923,2288185063,1
11924,948560747927425025,1
11925,44567482,1
11926,701877695932665858,1
11927,2476992537,1
11928,29181853,1
11929,198088088,1
11930,45292501,1
11931,2676507532,1
11932,32339974,1
11933,527933061,1
11934,559886119,1
11935,762718139788431361,1
11936,377650819,1
11937,2476121297,1
11938,2171855560,1
11939,97227485,1
11940,20763710,1
11941,1289976673148993537,1
11942,41140869,1
11943,143117257,1
11944,935586518,1
11945,307403439,1
11946,339076572,1
11947,922810038913323008,1
11948,40462935,1
11949,900068571950321664,1
11950,2770223992,1
11951,43598401,1
11952,62923642,1
11953,449256107,1
11954,303220283,1
11955,1212701294856589314,1
11956,20439317,1
11957,345307232,1
11958,1093646626432913409,1
11959,70236308,1
11960,884968512,1
11961,2537709613,1
11962,93378401,1
11963,857254482136244224,1
11964,119702560,1
11965,767463756037316609,1
11966,936546025493467136,1
11967,300163920,1
11968,733241446254424064,1
11969,25669169,1
11970,892076845042204672,1
11971,25910150,1
11972,3785280077,1
11973,17849232,1
11974,610672831,1
11975,131536866,1
11976,355366183,1
11977,263814431,1
11978,518269413,1
11979,20841866,1
11980,4149585448,1
11981,19551638,1
11982,216140738,1
11983,242304032,1
11984,15077051,1
11985,39315043,1
11986,770713668057169924,1
11987,26315568,1
11988,15269935,1
11989,1295798635234562052,1
11990,1014683094635466752,1
11991,21683550,1
11992,330422354,1
11993,2871114582,1
11994,914941,1
11995,255693151,1
11996,446941017,1
11997,85054273,1
11998,831609518761054208,1
11999,18840312,1
12000,22156701,1
12001,242235364,1
12002,20435863,1
12003,2275032441,1
12004,261795608,1
12005,2726729835,1
12006,40469000,1
12007,61454543,1
12008,50701363,1
12009,803319353676595200,1
12010,1295315404185907203,1
12011,2769708056,1
12012,47957926,1
12013,2976757437,1
12014,117913763,1
12015,302664620,1
12016,277985056,1
12017,30466284,1
12018,556064275,1
12019,951123640673865728,1
12020,55891128,1
12021,588186990,1
12022,529650464,1
12023,119434486,1
12024,1095686099824009216,1
12025,1041660440177082369,1
12026,799689617834262528,1
12027,374147188,1
12028,238135554,1
12029,2445798522,1
12030,405130255,1
12031,62614388,1
12032,1217209132262068225,1
12033,3015211103,1
12034,398817533,1
12035,215445138,1
12036,3331899821,1
12037,3347947017,1
12038,53702490,1
12039,2783559346,1
12040,468700635,1
12041,761919289,1
12042,837675957779578882,1
12043,486774991,1
12044,3996781882,1
12045,591312711,1
12046,813740128636174336,1
12047,33892056,1
12048,5734212,1
12049,1201158744,1
12050,232331833,1
12051,1605643860,1
12052,1076320268866514945,1
12053,302697440,1
12054,1321228896872910850,1
12055,790202088,1
12056,34059480,1
12057,1257576728,1
12058,1070618336965349376,1
12059,3304741781,1
12060,2817696884,1
12061,777809778,1
12062,147714169,1
12063,68004065,1
12064,431730103,1
12065,1244592459642003461,1
12066,1460114954,1
12067,866285239043338242,1
12068,63775434,1
12069,2865972280,1
12070,575676581,1
12071,618316436,1
12072,210532022,1
12073,1090611135655698434,1
12074,162399533,1
12075,2976843269,1
12076,42846290,1
12077,710156278946013184,1
12078,1604422081,1
12079,182975418,1
12080,534357787,1
12081,394523552,1
12082,104137206,1
12083,91229107,1
12084,1128328929562038273,1
12085,584179594,1
12086,554784516,1
12087,45019487,1
12088,989789393706803200,1
12089,519490118,1
12090,299905206,1
12091,506118696,1
12092,4159880927,1
12093,824606783150891009,1
12094,1193973822032171009,1
12095,857275652365537281,1
12096,347875982,1
12097,385623262,1
12098,1496418782,1
12099,472234039,1
12100,25383849,1
12101,426872377,1
12102,1726584350,1
12103,1302367347731296262,1
12104,19394275,1
12105,229448764,1
12106,1108335820908519424,1
12107,28606913,1
12108,2609504483,1
12109,216419489,1
12110,408627413,1
12111,1955043050,1
12112,756451545852551168,1
12113,720964177,1
12114,593909102,1
12115,4817538873,1
12116,17084821,1
12117,1161235080,1
12118,988671566983696385,1
12119,19882185,1
12120,146026638,1
12121,1691398777,1
12122,1057382510,1
12123,2273692475,1
12124,201185943,1
12125,2151254863,1
12126,1138088149480017923,1
12127,305217460,1
12128,19905143,1
12129,325448198,1
12130,1126748240588574720,1
12131,22491519,1
12132,1582669783,1
12133,27296693,1
12134,1178479098,1
12135,753268097855946752,1
12136,2511829057,1
12137,517763679,1
12138,139389318,1
12139,840983462349852672,1
12140,1151279466305531905,1
12141,20391529,1
12142,27041721,1
12143,934002745081769984,1
12144,433296072,1
12145,1213118893,1
12146,1175148463740338176,1
12147,1078512242,1
12148,255675410,1
12149,2298113365,1
12150,261390125,1
12151,121091297,1
12152,1454456484,1
12153,391919667,1
12154,3381460678,1
12155,27627182,1
12156,1005424953527865344,1
12157,163494828,1
12158,136790978,1
12159,170040230,1
12160,60498333,1
12161,202675509,1
12162,24866494,1
12163,872547246176432129,1
12164,371251162,1
12165,56501630,1
12166,855444722,1
12167,21344291,1
12168,4900822918,1
12169,566595811,1
12170,739173399679930368,1
12171,2775364588,1
12172,340250539,1
12173,368827838,1
12174,261269400,1
12175,144112162,1
12176,1374548664,1
12177,2426161416,1
12178,56696854,1
12179,24579797,1
12180,117391276,1
12181,4747899993,1
12182,327839163,1
12183,148756773,1
12184,3434192146,1
12185,318697529,1
12186,295591622,1
12187,343597296,1
12188,972760963379269632,1
12189,410663787,1
12190,3369891431,1
12191,20904490,1
12192,839428390201470976,1
12193,957994926326894592,1
12194,2744712410,1
12195,1290550006018170880,1
12196,14152463,1
12197,2841802535,1
12198,1116352280394125312,1
12199,53460889,1
12200,1421476392,1
12201,43664367,1
12202,1247918432722575360,1
12203,547555078,1
12204,2882446084,1
12205,753497455,1
12206,106125791,1
12207,2663763374,1
12208,1162557985,1
12209,70227069,1
12210,16812460,1
12211,1135861143925399553,1
12212,136377419,1
12213,298472680,1
12214,59192815,1
12215,38280887,1
12216,149219059,1
12217,1970953483,1
12218,2687122407,1
12219,3092377709,1
12220,917502433089204225,1
12221,102516998,1
12222,2414658688,1
12223,17773620,1
12224,42701972,1
12225,2802870305,1
12226,793313527,1
12227,829248856684625920,1
12228,29674231,1
12229,332892031,1
12230,553955403,1
12231,2172446437,1
12232,205671343,1
12233,1286248802681315330,1
12234,3310665185,1
12235,273473736,1
12236,19863043,1
12237,383137943,1
12238,309256375,1
12239,931155542592155648,1
12240,4015460843,1
12241,740783880530210817,1
12242,3329567944,1
12243,274203239,1
12244,2572796246,1
12245,1362812660,1
12246,175810782,1
12247,2866325955,1
12248,20366879,1
12249,69662300,1
12250,82148992,1
12251,607068838,1
12252,166303550,1
12253,716748570,1
12254,38634015,1
12255,1276154480,1
12256,52336040,1
12257,86581097,1
12258,4824898078,1
12259,3338711117,1
12260,495889538,1
12261,21379459,1
12262,1349784327161315332,1
12263,27449022,1
12264,791939589531328512,1
12265,212013270,1
12266,1635071713,1
12267,3995442683,1
12268,194970578,1
12269,19311894,1
12270,23475128,1
12271,9586692,1
12272,2598511263,1
12273,294410018,1
12274,19899728,1
12275,367815749,1
12276,20761391,1
12277,47372735,1
12278,466882373,1
12279,635038515,1
12280,3089241563,1
12281,89708477,1
12282,542763142,1
12283,760444341479411713,1
12284,19351022,1
12285,20780018,1
12286,283494396,1
12287,2829772412,1
12288,218984877,1
12289,70242538,1
12290,694887752786030592,1
12291,27399614,1
12292,910129658246688768,1
12293,2944902484,1
12294,1006576998,1
12295,745861831,1
12296,936966843272761345,1
12297,543369734,1
12298,337879161,1
12299,246500508,1
12300,1350051346175692801,1
12301,1346128024140443651,1
12302,246726172,1
12303,2973671153,1
12304,599264598,1
12305,449059313,1
12306,3072376457,1
12307,2220356449,1
12308,464783498,1
12309,328147634,1
12310,942370585350418435,1
12311,907767762830938113,1
12312,861446479822639105,1
12313,866397680272101376,1
12314,3290387062,1
12315,1436598978,1
12316,14563,1
12317,480572867,1
12318,394841647,1
12319,19744618,1
12320,1469719453,1
12321,57713769,1
12322,19442385,1
12323,90202078,1
12324,1103742545673232384,1
12325,1017530201130094598,1
12326,2819020540,1
12327,3426157187,1
12328,21341251,1
12329,2785350071,1
12330,22929177,1
12331,452170375,1
12332,1189882698229338115,1
12333,1034512651391574017,1
12334,562152171,1
12335,1290753411705692162,1
12336,578626390,1
12337,404447865,1
12338,3481068437,1
12339,19585281,1
12340,1247245918904233985,1
12341,40215174,1
12342,1176586198204211210,1
12343,329551263,1
12344,995187737975250944,1
12345,22806713,1
12346,34614855,1
12347,171610270,1
12348,217012205,1
12349,51151883,1
12350,379635828,1
12351,77453661,1
12352,374058153,1
12353,507813673,1
12354,424875203,1
12355,928301478023979014,1
12356,503687693,1
12357,1130500514897158144,1
12358,499908382,1
12359,212026182,1
12360,2889758735,1
12361,1317377621093732352,1
12362,945261271,1
12363,2267546641,1
12364,38833504,1
12365,578360875,1
12366,24205000,1
12367,1120032948999340033,1
12368,34717951,1
12369,38904225,1
12370,621336664,1
12371,1196801773232623616,1
12372,4653737123,1
12373,2365635393,1
12374,2341862337,1
12375,52754104,1
12376,11905432,1
12377,873902165470855168,1
12378,4074754695,1
12379,436694564,1
12380,2476580722,1
12381,1230534483243413505,1
12382,242594296,1
12383,1449689558,1
12384,1526183040,1
12385,497217860,1
12386,636623944,1
12387,2397812394,1
12388,51544740,1
12389,175500569,1
12390,3824885495,1
12391,183594884,1
12392,605509213,1
12393,1079685326359183360,1
12394,502703017,1
12395,220496014,1
12396,368558235,1
12397,40090889,1
12398,263655524,1
12399,235700490,1
12400,67591870,1
12401,1105428979601887232,1
12402,20231646,1
12403,1188866766711201795,1
12404,2276442202,1
12405,30520514,1
12406,1178805337513697280,1
12407,1716592752,1
12408,2278750693,1
12409,301053364,1
12410,40572055,1
12411,760598837752922113,1
12412,1154829243681038342,1
12413,398230670,1
12414,556709060,1
12415,2826519254,1
12416,462762409,1
12417,483995141,1
12418,957112064,1
12419,1649006988,1
12420,2471877171,1
12421,179094145,1
12422,1253217259985797123,1
12423,615409199,1
12424,3130576485,1
12425,23926626,1
12426,200105567,1
12427,1217612852015648769,1
12428,336638300,1
12429,1158231044,1
12430,19184997,1
12431,2336993784,1
12432,743022557029359616,1
12433,23675507,1
12434,828783110,1
12435,634815302,1
12436,248330010,1
12437,224785996,1
12438,1261078895111147522,1
12439,3204814066,1
12440,1215751339680182277,1
12441,1189984711902400512,1
12442,1305519664437637120,1
12443,36053607,1
12444,838386758949687298,1
12445,702096214448283649,1
12446,2576115947,1
12447,248718039,1
12448,151621817,1
12449,14868586,1
12450,56485242,1
12451,773408936078741504,1
12452,1120074872904998914,1
12453,402123866,1
12454,776206303,1
12455,118526744,1
12456,33680276,1
12457,287786168,1
12458,334749085,1
12459,2903834699,1
12460,902669523039518728,1
12461,275223756,1
12462,20974303,1
12463,493384029,1
12464,909106379079786496,1
12465,442786451,1
12466,997125581715202050,1
12467,38390309,1
12468,275702234,1
12469,18170082,1
12470,479914283,1
12471,4829494613,1
12472,710537164816306176,1
12473,781140957995622400,1
12474,53053529,1
12475,27057248,1
12476,1330833692009312257,1
12477,37244459,1
12478,239115361,1
12479,255546442,1
12480,3247768941,1
12481,926856767073644544,1
12482,796429512451956737,1
12483,904236084,1
12484,47752567,1
12485,460245485,1
12486,164848416,1
12487,19406356,1
12488,51544008,1
12489,185595290,1
12490,1491305210,1
12491,20154775,1
12492,297060625,1
12493,268240991,1
12494,221062586,1
12495,878710278,1
12496,333593916,1
12497,782926369,1
12498,947859470440378369,1
12499,17615344,1
12500,51577342,1
12501,281979571,1
12502,458287165,1
12503,578405480,1
12504,21853562,1
12505,297263166,1
12506,74714258,1
12507,19345073,1
12508,901624548,1
12509,259662060,1
12510,1205515416778526720,1
12511,1152876837879590912,1
12512,247207817,1
12513,286258417,1
12514,977304552809664514,1
12515,2246880507,1
12516,19593184,1
12517,1048424705848426496,1
12518,135614573,1
12519,376749466,1
12520,44154473,1
12521,412684602,1
12522,1225844617301708800,1
12523,299195185,1
12524,228788067,1
12525,153183997,1
12526,154808180,1
12527,17099702,1
12528,450935397,1
12529,21200008,1
12530,34562336,1
12531,256474997,1
12532,437309344,1
12533,636061055,1
12534,50456424,1
12535,100853260,1
12536,901434860,1
12537,384872694,1
12538,134229240,1
12539,1093831000487088135,1
12540,18455339,1
12541,122756880,1
12542,190338654,1
12543,1247082794880241664,1
12544,300987647,1
12545,227933410,1
12546,52125967,1
12547,150634638,1
12548,3119818059,1
12549,480485796,1
12550,1073282870,1
12551,224350497,1
12552,72338354,1
12553,224939373,1
12554,1699784263,1
12555,347800592,1
12556,810973027290619904,1
12557,54514283,1
12558,20394334,1
12559,558051830,1
12560,20681224,1
12561,1140123116,1
12562,772574052,1
12563,66518109,1
12564,72130786,1
12565,20789213,1
12566,3088949408,1
12567,1461799165,1
12568,24395392,1
12569,765280641319596036,1
12570,2782769488,1
12571,473168459,1
12572,2300099356,1
12573,1265749152249581574,1
12574,16600476,1
12575,241525350,1
12576,517948707,1
12577,2355009789,1
12578,453795792,1
12579,870893108808036352,1
12580,337306585,1
12581,833915594554630145,1
12582,635523182,1
12583,282519159,1
12584,437046705,1
12585,19674579,1
12586,26837191,1
12587,377370391,1
12588,996471051298197509,1
12589,1063193673574305792,1
12590,1723525592,1
12591,1598361662,1
12592,22469768,1
12593,148050558,1
12594,972765078335475712,1
12595,1345165371708469252,1
12596,20538262,1
12597,125147864,1
12598,861581320807477249,1
12599,26752916,1
12600,273562008,1
12601,2188001905,1
12602,280273259,1
12603,20444382,1
12604,404645065,1
12605,2761089400,1
12606,1163863890289147904,1
12607,922921722105487361,1
12608,26555447,1
12609,245574509,1
12610,1213794437521793024,1
12611,118715035,1
12612,338425466,1
12613,1229371045779582982,1
12614,1050746062229639169,1
12615,278123871,1
12616,2463290570,1
12617,2671784968,1
12618,3001824743,1
12619,1014107074270285827,1
12620,307765318,1
12621,1157597218221764609,1
12622,25365087,1
12623,63590098,1
12624,1318547245,1
12625,254910547,1
12626,387311876,1
12627,1323872335728959488,1
12628,176048275,1
12629,177851029,1
12630,1265878173239128064,1
12631,20189199,1
12632,67602155,1
12633,785459173,1
12634,217730472,1
12635,1196786588803633152,1
12636,825917293,1
12637,1169186965763346435,1
12638,88541490,1
12639,21329967,1
12640,1124473062299262976,1
12641,64492887,1
12642,2580071711,1
12643,833076113933008896,1
12644,3058622128,1
12645,375814086,1
12646,1012826500595437568,1
12647,1248730964,1
12648,52353283,1
12649,4005248801,1
12650,796897228568657921,1
12651,1887744180,1
12652,49139006,1
12653,22670080,1
12654,14277854,1
12655,1101424769591885824,1
12656,1297996345282719744,1
12657,2307840394,1
12658,1271815692807962624,1
12659,418200081,1
12660,1053693078,1
12661,3344264759,1
12662,220472182,1
12663,1482754219,1
12664,1194707866587934722,1
12665,2501710360,1
12666,754971443885211648,1
12667,1084025012426817536,1
12668,1125817545020379136,1
12669,1907035820,1
12670,1463922980,1
12671,4785882628,1
12672,229243701,1
12673,363290591,1
12674,30910768,1
12675,800758777,1
12676,117416048,1
12677,32517963,1
12678,336839378,1
12679,490726125,1
12680,1170263371138158603,1
12681,991556887,1
12682,46162423,1
12683,20723140,1
12684,254535287,1
12685,491700368,1
12686,77256360,1
12687,3801708447,1
12688,20065742,1
12689,1156820565312921600,1
12690,15045306,1
12691,951710737,1
12692,17993794,1
12693,1022979204,1
12694,374641268,1
12695,1158000315725221888,1
12696,860829054081134592,1
12697,624137295,1
12698,17593751,1
12699,1349361625262772230,1
12700,37401465,1
12701,1284796733806051328,1
12702,454998934,1
12703,275198385,1
12704,350983344,1
12705,402951181,1
12706,319526658,1
12707,539129916,1
12708,1281694920357617665,1
12709,17806143,1
12710,374994178,1
12711,1308334988,1
12712,37616142,1
12713,39233829,1
12714,1204527735701483520,1
12715,1156784420,1
12716,3384969838,1
12717,22489602,1
12718,283977679,1
12719,332997503,1
12720,703127078598610945,1
12721,468778192,1
12722,20813965,1
12723,283987673,1
12724,1023911024871784448,1
12725,3064767797,1
12726,238684659,1
12727,465697383,1
12728,243393293,1
12729,1631481956,1
12730,2252608483,1
12731,61122275,1
12732,247214761,1
12733,20078218,1
12734,1534478574,1
12735,326075862,1
12736,3095725260,1
12737,478569051,1
12738,2154436127,1
12739,149443771,1
12740,1182706674886479872,1
12741,1271551544756973573,1
12742,480344879,1
12743,2872998237,1
12744,1278695390,1
12745,1276264331672530944,1
12746,88953658,1
12747,1096677597134622720,1
12748,2225290887,1
12749,861155061304569856,1
12750,74129261,1
12751,170768013,1
12752,807025932,1
12753,1116704012,1
12754,1237786628904665089,1
12755,238092798,1
12756,2877851002,1
12757,1337300492,1
12758,274562090,1
12759,4737397708,1
12760,960533900199153664,1
12761,830507377,1
12762,41575803,1
12763,964936203102572544,1
12764,26719729,1
12765,972819739486703616,1
12766,45130339,1
12767,907289013316399104,1
12768,21075598,1
12769,318345482,1
12770,20266625,1
12771,814831268,1
12772,31363998,1
12773,64453240,1
12774,1235881422113685510,1
12775,2517384741,1
12776,176091303,1
12777,2214569327,1
12778,454275940,1
12779,297665080,1
12780,780855720040239104,1
12781,750051703593009152,1
12782,362920352,1
12783,236153429,1
12784,162760437,1
12785,310593240,1
12786,810682538662526976,1
12787,417748743,1
12788,437783728,1
12789,19993564,1
12790,21358532,1
12791,1578104467,1
12792,941607966641479680,1
12793,3628165936,1
12794,594572412,1
12795,718731373,1
12796,23594251,1
12797,296936840,1
12798,34296520,1
12799,304324565,1
12800,23928961,1
12801,76501827,1
12802,46927184,1
12803,42402805,1
12804,876088369,1
12805,931965687429550080,1
12806,1327316272519008257,1
12807,120226421,1
12808,2562532545,1
12809,432002106,1
12810,35592608,1
12811,145993439,1
12812,221132277,1
12813,39819208,1
12814,900731976814145536,1
12815,926584684326391808,1
12816,383692527,1
12817,221693574,1
12818,1536040596,1
12819,702970245997326336,1
12820,267450541,1
12821,1107059582642339840,1
12822,21514843,1
12823,449414629,1
12824,93381276,1
12825,3213234575,1
12826,39037913,1
12827,89493633,1
12828,158817477,1
12829,488833798,1
12830,320399945,1
12831,1422699260,1
12832,254744387,1
12833,271968641,1
12834,1018219220,1
12835,857946799,1
12836,23182031,1
12837,1175116272662712320,1
12838,19818467,1
12839,168171947,1
12840,27843872,1
12841,969192683125256192,1
12842,1145537287729627137,1
12843,1054748586695634944,1
12844,1117392291465969664,1
12845,1394410538,1
12846,20265957,1
12847,2481791207,1
12848,2752711,1
12849,19491073,1
12850,246938973,1
12851,16710907,1
12852,1019966150657105921,1
12853,838768824774176768,1
12854,20338117,1
12855,21894833,1
12856,988035033058463745,1
12857,63327823,1
12858,1228183898091212808,1
12859,848807180,1
12860,24801685,1
12861,785483811110940672,1
12862,20159619,1
12863,139485004,1
12864,20360449,1
12865,3298646965,1
12866,1090128866,1
12867,367663606,1
12868,365060130,1
12869,322562049,1
12870,2302870747,1
12871,875740475944308736,1
12872,380523905,1
12873,262822958,1
12874,920739465907273729,1
12875,200631306,1
12876,2320003675,1
12877,778578643501125632,1
12878,832575617795252226,1
12879,946339718,1
12880,19442544,1
12881,2305509903,1
12882,1287248443,1
12883,285300591,1
12884,1091976529565937664,1
12885,1010108960752496643,1
12886,13701,1
12887,337626709,1
12888,20334132,1
12889,448198810,1
12890,4103262087,1
12891,1040604099769716736,1
12892,14918453,1
12893,246207815,1
12894,168135577,1
12895,303877621,1
12896,39790759,1
12897,56665736,1
12898,1034050693974446080,1
12899,72624569,1
12900,425099357,1
12901,820323489764753409,1
12902,372308941,1
12903,514739049,1
12904,269879624,1
12905,1179799785613791232,1
12906,173121392,1
12907,3135764678,1
12908,19923722,1
12909,615407096,1
12910,3208716363,1
12911,1063474591341993986,1
12912,573917076,1
12913,153032330,1
12914,19202692,1
12915,181936413,1
12916,21349662,1
12917,822128188771958785,1
12918,142397089,1
12919,486805722,1
12920,627398300,1
12921,151610979,1
12922,2978841911,1
12923,74383,1
12924,172108216,1
12925,464135592,1
12926,315684569,1
12927,586910394,1
12928,2732130954,1
12929,621724659,1
12930,25906210,1
12931,200130994,1
12932,220452995,1
12933,44133138,1
12934,14651396,1
12935,935981365895589888,1
12936,302481856,1
12937,473801696,1
12938,560255410,1
12939,139946168,1
12940,1128074592642326528,1
12941,356936923,1
12942,66935347,1
12943,42403735,1
12944,299492558,1
12945,20874539,1
12946,932784006,1
12947,1006565308931428352,1
12948,2316607431,1
12949,1171796853563756544,1
12950,2188111467,1
12951,727876531503153152,1
12952,552165115,1
12953,303926678,1
12954,854273006578827264,1
12955,22682758,1
12956,20378222,1
12957,295192910,1
12958,455762743,1
12959,20899323,1
12960,2171780545,1
12961,53402092,1
12962,75104828,1
12963,909005759635185664,1
12964,1387933652,1
12965,1128730376,1
12966,307289924,1
12967,159626527,1
12968,49598677,1
12969,528361693,1
12970,1100549285433823232,1
12971,23814474,1
12972,23499654,1
12973,41590053,1
12974,19420033,1
12975,302052965,1
12976,397098347,1
12977,3298109961,1
12978,144959397,1
12979,217744249,1
12980,431904340,1
12981,251744030,1
12982,401261543,1
12983,260856577,1
12984,375171692,1
12985,489190256,1
12986,3289679560,1
12987,217765001,1
12988,203638926,1
12989,410866663,1
12990,788023088927612929,1
12991,39751747,1
12992,19291533,1
12993,209008102,1
12994,25883078,1
12995,2902025998,1
12996,711190463882137600,1
12997,722531389179092992,1
12998,2314838428,1
12999,134506041,1
13000,2410988107,1
13001,957076255,1
13002,38683050,1
13003,54509377,1
13004,780040260,1
13005,1941004969,1
13006,52800058,1
13007,1331655877041016838,1
13008,1314856700,1
13009,18831368,1
13010,3188488593,1
13011,1604591900,1
13012,977252043265073152,1
13013,348064013,1
13014,33296366,1
13015,1197920218464559104,1
13016,1146683880046563333,1
13017,26598105,1
13018,64382098,1
13019,312714151,1
13020,309931344,1
13021,938283214820577280,1
13022,20089380,1
13023,2960128588,1
13024,80942743,1
13025,3300446387,1
13026,302600013,1
13027,243882880,1
13028,114288722,1
13029,168815861,1
13030,316602677,1
13031,3244893777,1
13032,2996118130,1
13033,60144578,1
13034,2318761689,1
13035,166154591,1
13036,618032935,1
13037,246502653,1
13038,858789131622723584,1
13039,974753358,1
13040,2340696847,1
13041,2876348795,1
13042,1214255196060045312,1
13043,217773291,1
13044,23621450,1
13045,870397086558302209,1
13046,771071524312940544,1
13047,94830927,1
13048,100583000,1
13049,23670404,1
13050,1327364313590493184,1
13051,21871110,1
13052,54948496,1
13053,31198616,1
13054,1019560409072840705,1
13055,15861369,1
13056,552148376,1
13057,68753866,1
13058,295598816,1
13059,302744711,1
13060,62808000,1
13061,17308256,1
13062,919198885054222336,1
13063,393343042,1
13064,348640487,1
13065,67570168,1
13066,1157029267,1
13067,18671008,1
13068,1920801228,1
13069,392189936,1
13070,1334709782,1
13071,1830315108,1
13072,931947686,1
13073,3466843156,1
13074,1181549118,1
13075,2148792151,1
13076,132155229,1
13077,631324419,1
13078,1399130257,1
13079,221420993,1
13080,1215660806148448256,1
13081,1288931494753456131,1
13082,314471894,1
13083,2692741259,1
13084,2371714975,1
13085,751191188,1
13086,2180527894,1
13087,20227728,1
13088,4615627168,1
13089,1211604876620263425,1
13090,19419448,1
13091,1349777859934617600,1
13092,929620534278619136,1
13093,102611523,1
13094,2657802233,1
13095,53923965,1
13096,2863277187,1
13097,578769293,1
13098,217103478,1
13099,1351498406,1
13100,803023675,1
13101,209541999,1
13102,4704282685,1
13103,17839467,1
13104,312283974,1
13105,4768978277,1
13106,847177568621092866,1
13107,45142626,1
13108,1037689678646927361,1
13109,19486201,1
13110,1470605204,1
13111,86915883,1
13112,82125107,1
13113,266778387,1
13114,1155173808397004800,1
13115,368418415,1
13116,1134199878316429319,1
13117,2174919309,1
13118,1140294235,1
13119,365108858,1
13120,2781006255,1
13121,1202702493223923712,1
13122,912063369015959552,1
13123,835988949277556736,1
13124,30725605,1
13125,103315516,1
13126,23610464,1
13127,33890796,1
13128,2315658589,1
13129,1905477456,1
13130,153704076,1
13131,313858267,1
13132,37048031,1
13133,831365642,1
13134,78103919,1
13135,37488451,1
13136,937739878430924801,1
13137,429433154,1
13138,40713638,1
13139,236548757,1
13140,1114514976792879104,1
13141,1120695691901325312,1
13142,58453750,1
13143,320336431,1
13144,1120041146632347649,1
13145,45565482,1
13146,2294387309,1
13147,248813237,1
13148,2502380637,1
13149,1072572219275001858,1
13150,482787398,1
13151,21077549,1
13152,527563008,1
13153,1080270307,1
13154,81158888,1
13155,200527886,1
13156,1181854482747023360,1
13157,2782754224,1
13158,1291742466245353472,1
13159,479162904,1
13160,889343559140356100,1
13161,25661066,1
13162,151387291,1
13163,49438391,1
13164,536415922,1
13165,20035201,1
13166,1365164730,1
13167,89711409,1
13168,29255246,1
13169,3301661493,1
13170,928427258,1
13171,308306383,1
13172,229176298,1
13173,162117207,1
13174,1026795488157356033,1
13175,3032975381,1
13176,3500741663,1
13177,972505134,1
13178,821326476473761792,1
13179,109845429,1
13180,1227213002245640194,1
13181,886289763489206272,1
13182,48968241,1
13183,736242560541282304,1
13184,1024744255,1
13185,2694470631,1
13186,179458081,1
13187,273068879,1
13188,892050502434910209,1
13189,2230152722,1
13190,21753463,1
13191,1625544325,1
13192,2827689220,1
13193,302714824,1
13194,210979236,1
13195,235937922,1
13196,357368739,1
13197,450818238,1
13198,1217223941577748486,1
13199,289547000,1
13200,1096805563,1
13201,33991627,1
13202,2506633871,1
13203,134280493,1
13204,136008926,1
13205,1491290390,1
13206,61507491,1
13207,510543095,1
13208,91626973,1
13209,1125517332032446465,1
13210,1024413438,1
13211,223782851,1
13212,402815616,1
13213,949940120,1
13214,3362174181,1
13215,85640102,1
13216,4218434380,1
13217,2333307477,1
13218,552420781,1
13219,341406178,1
13220,15131962,1
13221,1064155124,1
13222,252226459,1
13223,60043230,1
13224,16627334,1
13225,43101001,1
13226,390305702,1
13227,1197000060,1
13228,903657216598835200,1
13229,2179598839,1
13230,2864439676,1
13231,63730330,1
13232,20430415,1
13233,231622895,1
13234,896513333456764928,1
13235,2155637632,1
13236,54204855,1
13237,863711209,1
13238,4838479529,1
13239,2854816762,1
13240,1266958388,1
13241,826844514245627908,1
13242,2936087980,1
13243,624774075,1
13244,391532677,1
13245,719663099,1
13246,1077436471,1
13247,3379092215,1
13248,489416062,1
13249,571887449,1
13250,1056883069871947776,1
13251,885915585867128832,1
13252,341606455,1
13253,529661921,1
13254,1456367442,1
13255,252611223,1
13256,1085982216029683717,1
13257,2915643209,1
13258,108266974,1
13259,343836320,1
13260,4126482143,1
13261,38707189,1
13262,105840298,1
13263,505751696,1
13264,408422601,1
13265,1436647706,1
13266,28960598,1
13267,140606658,1
13268,995049759663644672,1
13269,211572809,1
13270,275462326,1
13271,145251660,1
13272,3388911243,1
13273,20007815,1
13274,2438803474,1
13275,120271068,1
13276,773184299847868416,1
13277,570205801,1
13278,906183910094196738,1
13279,419081973,1
13280,105873525,1
13281,1107580196180381696,1
13282,402823725,1
13283,3293174381,1
13284,458683855,1
13285,30528292,1
13286,370837462,1
13287,866501990108418051,1
